chr	START	END	COLOR
Astrocytes	0	1	-1.2580429126631114
Astrocytes	1	2	-0.8527706497875234
Astrocytes	2	3	-0.8486325735772783
Astrocytes	3	4	-0.7444914054630142
Astrocytes	4	5	-0.7433188438789677
Astrocytes	5	6	-0.708458222241344
Astrocytes	6	7	-0.640454108090669
Astrocytes	7	8	-0.6090250306992381
Astrocytes	8	9	-0.5805390876459212
Astrocytes	9	10	-0.5545722734563188
Astrocytes	10	11	-0.5404810524258472
Astrocytes	11	12	-0.4845393853844076
Astrocytes	12	13	-0.4686495017516906
Astrocytes	13	14	-0.4467011630628547
Astrocytes	14	15	-0.4372956587817657
Astrocytes	15	16	-0.4270115349317605
Astrocytes	16	17	-0.4199208112225319
Astrocytes	17	18	-0.412975777580597
Astrocytes	18	19	-0.4073773678978353
Astrocytes	19	20	-0.3854530671648994
Astrocytes	20	21	-0.3823898651117207
Astrocytes	21	22	-0.3814550391569206
Astrocytes	22	23	-0.3698145491305284
Astrocytes	23	24	-0.3613521943969595
Astrocytes	24	25	-0.3431047942031784
Astrocytes	25	26	-0.3398436957082419
Astrocytes	26	27	-0.3339035724954016
Astrocytes	27	28	-0.3215221637248122
Astrocytes	28	29	-0.313872963690586
Astrocytes	29	30	-0.2858458667480606
Astrocytes	30	31	-0.2808078056452684
Astrocytes	31	32	-0.2713158269746951
Astrocytes	32	33	-0.2694661354823937
Astrocytes	33	34	-0.2659215047927669
Astrocytes	34	35	-0.2582234099926195
Astrocytes	35	36	-0.257407434591599
Astrocytes	36	37	-0.2536938740283411
Astrocytes	37	38	-0.2503496168968443
Astrocytes	38	39	-0.249042245679906
Astrocytes	39	40	-0.2365182678257852
Astrocytes	40	41	-0.2139165290828893
Astrocytes	41	42	-0.2125456962640618
Astrocytes	42	43	-0.2094760438339401
Astrocytes	43	44	-0.2048171436261078
Astrocytes	44	45	-0.2044362501539881
Astrocytes	45	46	-0.2013015244485036
Astrocytes	46	47	-0.1986997270909359
Astrocytes	47	48	-0.1924444334712345
Astrocytes	48	49	-0.1915872861463515
Astrocytes	49	50	-0.1847548742362902
Astrocytes	50	51	-0.1764074878919154
Astrocytes	51	52	-0.1705921257453127
Astrocytes	52	53	-0.1694683344109351
Astrocytes	53	54	-0.1618409982920109
Astrocytes	54	55	-0.1573296500948089
Astrocytes	55	56	-0.1524461216485957
Astrocytes	56	57	-0.1431068812281061
Astrocytes	57	58	-0.1300765986173857
Astrocytes	58	59	-0.116202654586417
Astrocytes	59	60	-0.1075045211944753
Astrocytes	60	61	-0.101333457406323
Astrocytes	61	62	-0.1003132748002967
Astrocytes	62	63	-0.0931458275442154
Astrocytes	63	64	-0.0765553354983336
Astrocytes	64	65	0.0667185117021604
Astrocytes	65	66	0.0793922227990698
Astrocytes	66	67	0.0835433324746943
Astrocytes	67	68	0.1178389463213239
Astrocytes	68	69	0.1216465173599301
Astrocytes	69	70	0.12380459309163
Astrocytes	70	71	0.1341884432420961
Astrocytes	71	72	0.1386907451124486
Astrocytes	72	73	0.1418686548685322
Astrocytes	73	74	0.1434779423894359
Astrocytes	74	75	0.143530466208781
Astrocytes	75	76	0.1537817473834248
Astrocytes	76	77	0.1689565351097903
Astrocytes	77	78	0.181783261229017
Astrocytes	78	79	0.2299605580402264
Astrocytes	79	80	0.2342304248393727
Astrocytes	80	81	0.2409207708431569
Astrocytes	81	82	0.2414432462742913
Astrocytes	82	83	0.2476746162885096
Astrocytes	83	84	0.2531070640082657
Astrocytes	84	85	0.2556785269898995
Astrocytes	85	86	0.2654077167345319
Astrocytes	86	87	0.265989725672789
Astrocytes	87	88	0.2818905719234786
Astrocytes	88	89	0.2883878106414072
Astrocytes	89	90	0.2926722127317068
Astrocytes	90	91	0.3022127131881673
Astrocytes	91	92	0.3117876863708613
Astrocytes	92	93	0.3503852220157995
Astrocytes	93	94	0.3555425201196723
Astrocytes	94	95	0.3822635519747899
Astrocytes	95	96	0.3997431385698463
Astrocytes	96	97	0.4024260603988017
Astrocytes	97	98	0.4421382766690857
Astrocytes	98	99	0.520608803229413
Astrocytes	99	100	0.604693210020654
Astrocytes	100	101	0.6133831955091906
Astrocytes	101	102	-1.0745468644617109
Astrocytes	102	103	-1.0046925490085246
Astrocytes	103	104	-0.735583942382774
Astrocytes	104	105	-0.586364087702824
Astrocytes	105	106	-0.5749715515445593
Astrocytes	106	107	-0.5547479825033018
Astrocytes	107	108	-0.4400973485749979
Astrocytes	108	109	-0.4261825638163052
Astrocytes	109	110	-0.3935413694915363
Astrocytes	110	111	-0.3786601684620179
Astrocytes	111	112	-0.3747990410273937
Astrocytes	112	113	-0.368075286574994
Astrocytes	113	114	-0.3412676731820888
Astrocytes	114	115	-0.3397370938726922
Astrocytes	115	116	-0.3268583885690539
Astrocytes	116	117	-0.3047708048501418
Astrocytes	117	118	-0.3012971711018929
Astrocytes	118	119	-0.2898506956566601
Astrocytes	119	120	-0.2895711080784486
Astrocytes	120	121	-0.2797817689252865
Astrocytes	121	122	-0.2796882929467916
Astrocytes	122	123	-0.2680865938139486
Astrocytes	123	124	-0.2412800605780496
Astrocytes	124	125	-0.2228470221299057
Astrocytes	125	126	-0.2114806074245852
Astrocytes	126	127	-0.2085857486251556
Astrocytes	127	128	-0.1966402250004384
Astrocytes	128	129	-0.1936193356668329
Astrocytes	129	130	-0.1711018274819085
Astrocytes	130	131	-0.1607614375648571
Astrocytes	131	132	-0.1601812973475846
Astrocytes	132	133	-0.1547359608355404
Astrocytes	133	134	-0.1428679203032487
Astrocytes	134	135	-0.1410494825466588
Astrocytes	135	136	-0.1397366244368521
Astrocytes	136	137	-0.1202324301157605
Astrocytes	137	138	-0.1197874219543899
Astrocytes	138	139	-0.0638514280152039
Astrocytes	139	140	0.0569554964606531
Astrocytes	140	141	0.1010720248865391
Astrocytes	141	142	0.1025248547813949
Astrocytes	142	143	0.1380928023577659
Astrocytes	143	144	0.1432602230170694
Astrocytes	144	145	0.1438540894414265
Astrocytes	145	146	0.1505952411361499
Astrocytes	146	147	0.1934400650306031
Astrocytes	147	148	0.2200953081268291
Astrocytes	148	149	0.2258559140766405
Astrocytes	149	150	0.2315059192384943
Astrocytes	150	151	0.2383611971387526
Astrocytes	151	152	0.2474071270351912
Astrocytes	152	153	0.2479466332160031
Astrocytes	153	154	0.2583773331770444
Astrocytes	154	155	0.3037253883319923
Astrocytes	155	156	0.3177977954034593
Astrocytes	156	157	0.3198242877496626
Astrocytes	157	158	0.3467877360835508
Astrocytes	158	159	0.3483826399362597
Astrocytes	159	160	0.3576478621263818
Astrocytes	160	161	0.3584117002116745
Astrocytes	161	162	0.3603894691568541
Astrocytes	162	163	0.3668875712369868
Astrocytes	163	164	0.3690307269237907
Astrocytes	164	165	0.373682836387079
Astrocytes	165	166	0.396209277347998
Astrocytes	166	167	0.4352834658657661
Astrocytes	167	168	0.5423412535951776
Astrocytes	168	169	0.5738168740861961
Astrocytes	169	170	0.7613420111083036
Astrocytes	170	171	0.8193444458900323
Neurons	0	1	-2.1509863365064037
Neurons	1	2	-0.6035509434807543
Neurons	2	3	-0.425353684675899
Neurons	3	4	-0.4063129453310106
Neurons	4	5	-0.3513491524480407
Neurons	5	6	-0.3400182358169143
Neurons	6	7	-0.3253079503760179
Neurons	7	8	-0.2952463033235168
Neurons	8	9	-0.2848652103482455
Neurons	9	10	-0.2817212640969976
Neurons	10	11	-0.2754208284627444
Neurons	11	12	-0.2662948640672586
Neurons	12	13	-0.259545225535231
Neurons	13	14	-0.2555343892509207
Neurons	14	15	-0.2538338232960981
Neurons	15	16	-0.2504553055273684
Neurons	16	17	-0.246449391688515
Neurons	17	18	-0.2440373139757467
Neurons	18	19	-0.2434124657362991
Neurons	19	20	-0.2396356281816706
Neurons	20	21	-0.2370918083160886
Neurons	21	22	-0.2338842975645274
Neurons	22	23	-0.2325626275984429
Neurons	23	24	-0.231390451302808
Neurons	24	25	-0.2285719194018166
Neurons	25	26	-0.2267909389866047
Neurons	26	27	-0.2172164127217206
Neurons	27	28	-0.210953852208023
Neurons	28	29	-0.2069114843604808
Neurons	29	30	-0.2048784010676267
Neurons	30	31	-0.2009636319163134
Neurons	31	32	-0.2002031358713884
Neurons	32	33	-0.1893226723996953
Neurons	33	34	-0.1844476522894082
Neurons	34	35	-0.1840148008417568
Neurons	35	36	-0.1828416724936124
Neurons	36	37	-0.1826519612807023
Neurons	37	38	-0.1815072672617145
Neurons	38	39	-0.1798572174603955
Neurons	39	40	-0.1782280320751824
Neurons	40	41	-0.1744400102748182
Neurons	41	42	-0.1735048563706689
Neurons	42	43	-0.1730086466003955
Neurons	43	44	-0.1716939333664077
Neurons	44	45	-0.1704480760873245
Neurons	45	46	-0.168586907097489
Neurons	46	47	-0.1666106542937457
Neurons	47	48	-0.1665095449258865
Neurons	48	49	-0.1624240008153698
Neurons	49	50	-0.1620927562857158
Neurons	50	51	-0.1596845493043864
Neurons	51	52	-0.1542630460465245
Neurons	52	53	-0.1518997255257397
Neurons	53	54	-0.1505631798429207
Neurons	54	55	-0.1505488770542927
Neurons	55	56	-0.147468421479179
Neurons	56	57	-0.1474031621226853
Neurons	57	58	-0.1473920507850711
Neurons	58	59	-0.1447544360299689
Neurons	59	60	-0.144688676644267
Neurons	60	61	-0.1414523161378097
Neurons	61	62	-0.1390739050551383
Neurons	62	63	-0.13872027766199
Neurons	63	64	-0.1384909604353017
Neurons	64	65	-0.1335800726083773
Neurons	65	66	-0.1314479392475687
Neurons	66	67	-0.1309183835170974
Neurons	67	68	-0.1304842362399312
Neurons	68	69	-0.1277214511080042
Neurons	69	70	-0.127526354529693
Neurons	70	71	-0.1252873622669576
Neurons	71	72	-0.123836133326549
Neurons	72	73	-0.1224818238237955
Neurons	73	74	-0.1215936727098628
Neurons	74	75	-0.120826338516084
Neurons	75	76	-0.1186559537895563
Neurons	76	77	-0.1144425076868916
Neurons	77	78	-0.1134542515384233
Neurons	78	79	-0.1131270753479663
Neurons	79	80	-0.1119375189653857
Neurons	80	81	-0.1093591452787702
Neurons	81	82	-0.1086340787106601
Neurons	82	83	-0.1079513868516191
Neurons	83	84	-0.1069074824044159
Neurons	84	85	-0.1057871952834636
Neurons	85	86	-0.104648160242177
Neurons	86	87	-0.1039531238242692
Neurons	87	88	-0.1021791809704188
Neurons	88	89	-0.1015924112570735
Neurons	89	90	-0.0988240767616534
Neurons	90	91	-0.0986719300285781
Neurons	91	92	-0.0962918829970244
Neurons	92	93	-0.0961124205146563
Neurons	93	94	-0.0921332058196155
Neurons	94	95	-0.08546144092422
Neurons	95	96	-0.084681969315722
Neurons	96	97	-0.0814411719323504
Neurons	97	98	-0.0801044066245761
Neurons	98	99	-0.0796456873031872
Neurons	99	100	-0.0792319806838469
Neurons	100	101	-0.0766049349516367
Neurons	101	102	-0.0762858684589696
Neurons	102	103	-0.0751066790522089
Neurons	103	104	-0.0749094743748747
Neurons	104	105	-0.0705265843870155
Neurons	105	106	-0.0669478782006555
Neurons	106	107	-0.0654867268439317
Neurons	107	108	-0.0577020311475137
Neurons	108	109	0.0658490014994366
Neurons	109	110	0.0692167558817668
Neurons	110	111	0.0764421216279906
Neurons	111	112	0.0846623248373383
Neurons	112	113	0.0857949280627815
Neurons	113	114	0.0898360615003726
Neurons	114	115	0.09412656010019
Neurons	115	116	0.0944717547283266
Neurons	116	117	0.0951095796502533
Neurons	117	118	0.1000127786823933
Neurons	118	119	0.1002602756877351
Neurons	119	120	0.1018353945180484
Neurons	120	121	0.1043349473702778
Neurons	121	122	0.1057642931514002
Neurons	122	123	0.1064263393196538
Neurons	123	124	0.1071656159144069
Neurons	124	125	0.1081779608454819
Neurons	125	126	0.110097712776255
Neurons	126	127	0.1104186670573646
Neurons	127	128	0.1115806698778421
Neurons	128	129	0.1140906932955148
Neurons	129	130	0.1145522119748388
Neurons	130	131	0.116222077627503
Neurons	131	132	0.118475063571349
Neurons	132	133	0.1187788487109117
Neurons	133	134	0.1219561767548585
Neurons	134	135	0.1234699669019924
Neurons	135	136	0.1244465465491474
Neurons	136	137	0.1283356275111149
Neurons	137	138	0.1285872510542499
Neurons	138	139	0.1291185823803717
Neurons	139	140	0.1301608620334685
Neurons	140	141	0.130568498468951
Neurons	141	142	0.1312252319008761
Neurons	142	143	0.1326733583008064
Neurons	143	144	0.134056384773565
Neurons	144	145	0.1345624183029285
Neurons	145	146	0.1364047515043069
Neurons	146	147	0.1364482148933612
Neurons	147	148	0.1366997052851704
Neurons	148	149	0.1368395916617928
Neurons	149	150	0.1398081507410291
Neurons	150	151	0.1407448417466172
Neurons	151	152	0.1414308142302054
Neurons	152	153	0.1419424203818005
Neurons	153	154	0.1426923575081134
Neurons	154	155	0.1431019333339096
Neurons	155	156	0.1459526624375531
Neurons	156	157	0.1480849124211921
Neurons	157	158	0.1483591337393773
Neurons	158	159	0.1505509134921652
Neurons	159	160	0.1521789693954126
Neurons	160	161	0.1558697727577658
Neurons	161	162	0.155925273423578
Neurons	162	163	0.1563298680821165
Neurons	163	164	0.1592424752499397
Neurons	164	165	0.159665652564564
Neurons	165	166	0.1602136253333477
Neurons	166	167	0.1625535779366288
Neurons	167	168	0.1637452776765345
Neurons	168	169	0.1645439142880631
Neurons	169	170	0.1657530085130979
Neurons	170	171	0.1667375060956787
Neurons	171	172	0.1677877744448628
Neurons	172	173	0.1725691050269543
Neurons	173	174	0.1754334130335698
Neurons	174	175	0.1795587649845833
Neurons	175	176	0.1802298342983991
Neurons	176	177	0.1802505293023115
Neurons	177	178	0.1809692089910942
Neurons	178	179	0.1823046093227735
Neurons	179	180	0.1843257175288263
Neurons	180	181	0.1853186593785274
Neurons	181	182	0.1879141814122506
Neurons	182	183	0.1895667650585982
Neurons	183	184	0.1900107417412631
Neurons	184	185	0.1906113194457008
Neurons	185	186	0.1911138705346505
Neurons	186	187	0.1929000178244183
Neurons	187	188	0.1970657820026498
Neurons	188	189	0.1977972649111572
Neurons	189	190	0.1986292567639427
Neurons	190	191	0.2018075220036157
Neurons	191	192	0.2026805133791475
Neurons	192	193	0.2028581418837675
Neurons	193	194	0.2029449607262218
Neurons	194	195	0.2031628841514012
Neurons	195	196	0.2036095481635877
Neurons	196	197	0.2038249413586805
Neurons	197	198	0.2039282524898648
Neurons	198	199	0.2101559345783573
Neurons	199	200	0.2145940958907327
Neurons	200	201	0.2146164279525419
Neurons	201	202	0.2147184991821834
Neurons	202	203	0.2166255239873035
Neurons	203	204	0.2174935289910554
Neurons	204	205	0.218158737161618
Neurons	205	206	0.2191701810325336
Neurons	206	207	0.2225015409671071
Neurons	207	208	0.2231616565578371
Neurons	208	209	0.2257494672603265
Neurons	209	210	0.2268464110600628
Neurons	210	211	0.2279251193151206
Neurons	211	212	0.2296035244942865
Neurons	212	213	0.2307892136051738
Neurons	213	214	0.2321058265221921
Neurons	214	215	0.2326762154456267
Neurons	215	216	0.2343126227635155
Neurons	216	217	0.2391804885621228
Neurons	217	218	0.2426472006359755
Neurons	218	219	0.2439532895498861
Neurons	219	220	0.2451929327454109
Neurons	220	221	0.246237370236552
Neurons	221	222	0.2462940126463401
Neurons	222	223	0.2486836104234451
Neurons	223	224	0.2509277951690917
Neurons	224	225	0.2514616361950473
Neurons	225	226	0.2525503283155287
Neurons	226	227	0.2540106177264665
Neurons	227	228	0.255126936785641
Neurons	228	229	0.2556714823939517
Neurons	229	230	0.2557555159907976
Neurons	230	231	0.259264556790156
Neurons	231	232	0.2617744802942697
Neurons	232	233	0.2649575462621573
Neurons	233	234	0.2655188601185478
Neurons	234	235	0.2754225560495656
Neurons	235	236	0.2777092144244195
Neurons	236	237	0.2793691961064004
Neurons	237	238	0.2801364427403446
Neurons	238	239	0.2909244883944417
Neurons	239	240	0.2921030131092704
Neurons	240	241	0.2970938498604094
Neurons	241	242	0.3096589582353071
Neurons	242	243	0.3122203474665402
Neurons	243	244	0.3191604976572281
Neurons	244	245	0.3244140257508499
Neurons	245	246	0.335482998981134
Neurons	246	247	0.3357662532640368
Neurons	247	248	0.3378338583305427
Neurons	248	249	0.3386969555180066
Neurons	249	250	0.3438484625637399
Neurons	250	251	0.3454553219276118
Neurons	251	252	0.3480036925876933
Neurons	252	253	0.3558248344789324
Neurons	253	254	0.3569723648766304
Neurons	254	255	0.3574883919350502
Neurons	255	256	0.3628312149414225
Neurons	256	257	0.3634450780571286
Neurons	257	258	0.3675020556297568
Neurons	258	259	0.3679681035816412
Neurons	259	260	0.3685824992599852
Neurons	260	261	0.3694767871455121
Neurons	261	262	0.3700551641290639
Neurons	262	263	0.3720261087601011
Neurons	263	264	0.3789917531506919
Neurons	264	265	0.3818205994395354
Neurons	265	266	0.3825242723464485
Neurons	266	267	0.3860765233302102
Neurons	267	268	0.3874906948219925
Neurons	268	269	0.3914926915647995
Neurons	269	270	0.3921905834284124
Neurons	270	271	0.3960796644038832
Neurons	271	272	0.3973062356653357
Neurons	272	273	0.407889933616981
Neurons	273	274	0.4127730837191366
Neurons	274	275	0.4163451416488617
Neurons	275	276	0.423425010442678
Neurons	276	277	0.445050635434296
Neurons	277	278	0.4680304093688328
Neurons	278	279	0.4744793565729382
Neurons	279	280	0.4872180855446327
Neurons	280	281	0.5112637979265969
Neurons	281	282	0.5176957797932324
Neurons	282	283	0.5544620224237492
Neurons	283	284	0.5596925102996037
Neurons	284	285	0.5772026792318208
Neurons	285	286	0.6030524894888061
Neurons	286	287	0.6172932500125714
Neurons	287	288	0.6279303048683044
Neurons	288	289	0.632002098661201
Neurons	289	290	0.6330709855808828
Neurons	290	291	0.928776242916062
Neurons	291	292	0.9372087646159936
Neurons	292	293	-0.4189810243285974
Neurons	293	294	-0.4104122087119136
Neurons	294	295	-0.3999368504524186
Neurons	295	296	-0.3504408835118791
Neurons	296	297	-0.333578482682367
Neurons	297	298	-0.3204874596815607
Neurons	298	299	-0.3099334998640237
Neurons	299	300	-0.298504884905164
Neurons	300	301	-0.2687411979300324
Neurons	301	302	-0.254026753463455
Neurons	302	303	-0.245726547472522
Neurons	303	304	-0.243644054385062
Neurons	304	305	-0.2292496004206107
Neurons	305	306	-0.2257317484276668
Neurons	306	307	-0.218185112402389
Neurons	307	308	-0.2181051101548474
Neurons	308	309	-0.217572409760983
Neurons	309	310	-0.2160383150969952
Neurons	310	311	-0.213947988734236
Neurons	311	312	-0.2133438867649719
Neurons	312	313	-0.2053173586626386
Neurons	313	314	-0.1854642389464231
Neurons	314	315	-0.1854235205891453
Neurons	315	316	-0.1702287644118231
Neurons	316	317	-0.1660089568128419
Neurons	317	318	-0.1653090001476362
Neurons	318	319	-0.1635868545658117
Neurons	319	320	-0.1563313091154504
Neurons	320	321	-0.1550586932648828
Neurons	321	322	-0.1545244819430474
Neurons	322	323	-0.149907223822377
Neurons	323	324	-0.147949449483047
Neurons	324	325	-0.1394168220817247
Neurons	325	326	-0.1364432710094046
Neurons	326	327	-0.1321537702706736
Neurons	327	328	-0.1284973017583479
Neurons	328	329	-0.1281096782906483
Neurons	329	330	-0.1275834489447144
Neurons	330	331	-0.1244514804017324
Neurons	331	332	-0.1185409237446678
Neurons	332	333	-0.1148438005926283
Neurons	333	334	-0.1144586506878026
Neurons	334	335	-0.113369276869759
Neurons	335	336	-0.111127673127485
Neurons	336	337	-0.1062706009432434
Neurons	337	338	-0.1012452027207645
Neurons	338	339	-0.1011696653719483
Neurons	339	340	-0.0940133737552736
Neurons	340	341	-0.0922662356115541
Neurons	341	342	-0.0861680962595039
Neurons	342	343	-0.0852606482237542
Neurons	343	344	-0.0840379393736765
Neurons	344	345	-0.0815157997542421
Neurons	345	346	-0.0806517334880473
Neurons	346	347	-0.0773615407404105
Neurons	347	348	-0.0753117678611967
Neurons	348	349	-0.0726255814957837
Neurons	349	350	-0.0614514715558187
Neurons	350	351	0.0664735528150083
Neurons	351	352	0.069191092371919
Neurons	352	353	0.0767085332904933
Neurons	353	354	0.082886128298736
Neurons	354	355	0.0889063066660065
Neurons	355	356	0.0935866758986616
Neurons	356	357	0.0971679657971062
Neurons	357	358	0.1038555368866791
Neurons	358	359	0.1059495025598454
Neurons	359	360	0.1108909547441495
Neurons	360	361	0.1109928724416047
Neurons	361	362	0.114377824897652
Neurons	362	363	0.1167766605009817
Neurons	363	364	0.1210544501955881
Neurons	364	365	0.1236110559899735
Neurons	365	366	0.1244308939820287
Neurons	366	367	0.1252337865098967
Neurons	367	368	0.1253209682068023
Neurons	368	369	0.1253622567726191
Neurons	369	370	0.1262373827840901
Neurons	370	371	0.1277598677177238
Neurons	371	372	0.1331828857774351
Neurons	372	373	0.1340822245632036
Neurons	373	374	0.1375554068539069
Neurons	374	375	0.1381427859946083
Neurons	375	376	0.1422997544196697
Neurons	376	377	0.14283684588796
Neurons	377	378	0.1428870933278881
Neurons	378	379	0.1428891443143844
Neurons	379	380	0.1449521991843567
Neurons	380	381	0.1503092362619172
Neurons	381	382	0.1520041891229746
Neurons	382	383	0.1554571176621145
Neurons	383	384	0.1555857795977352
Neurons	384	385	0.1564733620210412
Neurons	385	386	0.1571200135585158
Neurons	386	387	0.1659155353687298
Neurons	387	388	0.1696072176008313
Neurons	388	389	0.1696510676098829
Neurons	389	390	0.1698798322684813
Neurons	390	391	0.1700572227795692
Neurons	391	392	0.170946277791092
Neurons	392	393	0.1742057197487875
Neurons	393	394	0.1753708184666407
Neurons	394	395	0.1768671053142066
Neurons	395	396	0.1865580855057786
Neurons	396	397	0.1873615476594397
Neurons	397	398	0.1903078342673099
Neurons	398	399	0.1923885048051229
Neurons	399	400	0.1936898873998733
Neurons	400	401	0.1946187843553774
Neurons	401	402	0.1963041339394542
Neurons	402	403	0.19766142149724
Neurons	403	404	0.1988529231404939
Neurons	404	405	0.200097258538588
Neurons	405	406	0.2041786959163023
Neurons	406	407	0.2117769406053466
Neurons	407	408	0.2172062110380615
Neurons	408	409	0.2172211362409555
Neurons	409	410	0.2172337493224753
Neurons	410	411	0.2188323568024615
Neurons	411	412	0.2203721824877878
Neurons	412	413	0.2220042682901455
Neurons	413	414	0.2372776259493275
Neurons	414	415	0.2402076132119981
Neurons	415	416	0.240582806670502
Neurons	416	417	0.2467231825479379
Neurons	417	418	0.2470972279989564
Neurons	418	419	0.2474726304236645
Neurons	419	420	0.2482178853927445
Neurons	420	421	0.2567666472679594
Neurons	421	422	0.2574940109789962
Neurons	422	423	0.2603365027672042
Neurons	423	424	0.2616387554879431
Neurons	424	425	0.2622247912062224
Neurons	425	426	0.2627143415549215
Neurons	426	427	0.2645788767861171
Neurons	427	428	0.2685205997896138
Neurons	428	429	0.2700987212803558
Neurons	429	430	0.270285147905601
Neurons	430	431	0.2754181039748016
Neurons	431	432	0.2771235849845914
Neurons	432	433	0.2776911240150313
Neurons	433	434	0.2793682551370802
Neurons	434	435	0.2796725381418655
Neurons	435	436	0.2834327237010668
Neurons	436	437	0.2840590203853151
Neurons	437	438	0.2852522633688587
Neurons	438	439	0.2896467685616511
Neurons	439	440	0.2930306465918317
Neurons	440	441	0.2984031419862775
Neurons	441	442	0.3057819137779002
Neurons	442	443	0.3069748247121409
Neurons	443	444	0.3087741625829485
Neurons	444	445	0.3103481369013473
Neurons	445	446	0.3301905003218708
Neurons	446	447	0.3309219452004396
Neurons	447	448	0.3329695476453189
Neurons	448	449	0.3425696268296026
Neurons	449	450	0.3432624539719301
Neurons	450	451	0.349713013878412
Neurons	451	452	0.3583982410335394
Neurons	452	453	0.3593644810503369
Neurons	453	454	0.3754705913557966
Neurons	454	455	0.3836379602999147
Neurons	455	456	0.3864267502518018
Neurons	456	457	0.3885551107446336
Neurons	457	458	0.4010999292599618
Neurons	458	459	0.4107987327832354
Neurons	459	460	0.4146370445196013
Neurons	460	461	0.4161117967517282
Neurons	461	462	0.4206272922993312
Neurons	462	463	0.4246252425498077
Neurons	463	464	0.468124844060285
Neurons	464	465	0.478330486498188
Neurons	465	466	0.4847817409413174
Neurons	466	467	0.501933039434708
Neurons	467	468	0.5666135436961216
Neurons	468	469	0.623978575087948
Neurons	469	470	0.6968886444706532
Neurons	470	471	0.7329642226873909
Neurons	471	472	0.8390301817997016
SHSY5Y	0	1	-9.118814258504976
SHSY5Y	1	2	-8.018685277093327
SHSY5Y	2	3	-5.264170871268052
SHSY5Y	3	4	-4.510534007013726
SHSY5Y	4	5	-4.471307202953794
SHSY5Y	5	6	-4.167732520934045
SHSY5Y	6	7	-3.7749806656623366
SHSY5Y	7	8	-3.212907292899913
SHSY5Y	8	9	-3.161325895209346
SHSY5Y	9	10	-2.910328175703585
SHSY5Y	10	11	-2.31260830356564
SHSY5Y	11	12	-2.174372405138062
SHSY5Y	12	13	-2.1510079349532023
SHSY5Y	13	14	-2.079023910292368
SHSY5Y	14	15	-1.9200612215141453
SHSY5Y	15	16	-1.3937134784892398
SHSY5Y	16	17	-1.2154168144692896
SHSY5Y	17	18	-1.0661266957388214
SHSY5Y	18	19	-1.0642491830720722
SHSY5Y	19	20	-0.9232652892376404
SHSY5Y	20	21	-0.8857119614563632
SHSY5Y	21	22	-0.5283804082009845
SHSY5Y	22	23	-0.4640715804248684
SHSY5Y	23	24	-0.3854660183623544
SHSY5Y	24	25	0.1498538067910722
SHSY5Y	25	26	0.1991301193358504
SHSY5Y	26	27	0.2013944457034519
SHSY5Y	27	28	0.2103539736505516
SHSY5Y	28	29	0.2162508674266565
SHSY5Y	29	30	0.2267225592801288
SHSY5Y	30	31	0.2294358360853673
SHSY5Y	31	32	0.2349251437907068
SHSY5Y	32	33	0.240511162267788
SHSY5Y	33	34	0.2455320780024587
SHSY5Y	34	35	0.2460385221233984
SHSY5Y	35	36	0.2491308506918759
SHSY5Y	36	37	0.2519845964161163
SHSY5Y	37	38	0.2542502290815523
SHSY5Y	38	39	0.254305298078221
SHSY5Y	39	40	0.254386657968233
SHSY5Y	40	41	0.2547218695009458
SHSY5Y	41	42	0.2551194210532855
SHSY5Y	42	43	0.2692621646452362
SHSY5Y	43	44	0.2709143396508627
SHSY5Y	44	45	0.2720742553305514
SHSY5Y	45	46	0.2744073931333644
SHSY5Y	46	47	0.2767104589245302
SHSY5Y	47	48	0.2767265660490706
SHSY5Y	48	49	0.2783503804483958
SHSY5Y	49	50	0.2799731900801951
SHSY5Y	50	51	0.2833449519815655
SHSY5Y	51	52	0.2836644297214536
SHSY5Y	52	53	0.2839330610032983
SHSY5Y	53	54	0.2850034471810713
SHSY5Y	54	55	0.2850049462367908
SHSY5Y	55	56	0.2934954957843044
SHSY5Y	56	57	0.2958688077009541
SHSY5Y	57	58	0.2967350559202037
SHSY5Y	58	59	0.2977106596925944
SHSY5Y	59	60	0.2986786606942377
SHSY5Y	60	61	0.2999218495932692
SHSY5Y	61	62	0.301901143166734
SHSY5Y	62	63	0.3057863761457788
SHSY5Y	63	64	0.3059278233553777
SHSY5Y	64	65	0.3095893598822604
SHSY5Y	65	66	0.3127585696890647
SHSY5Y	66	67	0.3159569065495152
SHSY5Y	67	68	0.3202390163588621
SHSY5Y	68	69	0.3221244702078544
SHSY5Y	69	70	0.3223055755744439
SHSY5Y	70	71	0.3232405090107942
SHSY5Y	71	72	0.324805720736774
SHSY5Y	72	73	0.32541405241287
SHSY5Y	73	74	0.3263670926222592
SHSY5Y	74	75	0.3310734511301922
SHSY5Y	75	76	0.331119293141658
SHSY5Y	76	77	0.3314147249705875
SHSY5Y	77	78	0.3321696845410706
SHSY5Y	78	79	0.338189053430595
SHSY5Y	79	80	0.3400710494450592
SHSY5Y	80	81	0.3401812493077917
SHSY5Y	81	82	0.340405361508128
SHSY5Y	82	83	0.3406128043363874
SHSY5Y	83	84	0.3412234682534404
SHSY5Y	84	85	0.3413220259933489
SHSY5Y	85	86	0.3426571409595091
SHSY5Y	86	87	0.3430008929151976
SHSY5Y	87	88	0.3464697833069428
SHSY5Y	88	89	0.3470281243546322
SHSY5Y	89	90	0.3480630192739604
SHSY5Y	90	91	0.348527104519381
SHSY5Y	91	92	0.3495446431005444
SHSY5Y	92	93	0.3541755710414622
SHSY5Y	93	94	0.3544011865749772
SHSY5Y	94	95	0.3590978453031221
SHSY5Y	95	96	0.361285696311043
SHSY5Y	96	97	0.3613078441535187
SHSY5Y	97	98	0.362494439569757
SHSY5Y	98	99	0.3642611853343981
SHSY5Y	99	100	0.3645656320109038
SHSY5Y	100	101	0.3729475485155676
SHSY5Y	101	102	0.373803654346386
SHSY5Y	102	103	0.3745289601419683
SHSY5Y	103	104	0.3776678770044833
SHSY5Y	104	105	0.3785712930480804
SHSY5Y	105	106	0.3826677918112572
SHSY5Y	106	107	0.3841668787087365
SHSY5Y	107	108	0.3860894264961756
SHSY5Y	108	109	0.386838327593379
SHSY5Y	109	110	0.3891099222357025
SHSY5Y	110	111	0.3906406846542592
SHSY5Y	111	112	0.3915999004524854
SHSY5Y	112	113	0.3944306070122075
SHSY5Y	113	114	0.3966171067219992
SHSY5Y	114	115	0.4028344190836007
SHSY5Y	115	116	0.4044609609023812
SHSY5Y	116	117	0.404884346698722
SHSY5Y	117	118	0.4079167924241618
SHSY5Y	118	119	0.4144614681950715
SHSY5Y	119	120	0.4199491956317945
SHSY5Y	120	121	0.4200579727857008
SHSY5Y	121	122	0.4213961644091604
SHSY5Y	122	123	0.425916494623049
SHSY5Y	123	124	0.4269222559470151
SHSY5Y	124	125	0.43584154671002
SHSY5Y	125	126	0.4415588269547629
SHSY5Y	126	127	0.449547382890062
SHSY5Y	127	128	0.4546089204957082
SHSY5Y	128	129	0.458934200046416
SHSY5Y	129	130	0.4662815158188164
SHSY5Y	130	131	0.4677443233567536
SHSY5Y	131	132	0.4795561737450932
SHSY5Y	132	133	0.4807886231432682
SHSY5Y	133	134	0.4816078849249804
SHSY5Y	134	135	0.4868942802337119
SHSY5Y	135	136	0.4886354742701552
SHSY5Y	136	137	0.4900935155642066
SHSY5Y	137	138	0.4908569707133263
SHSY5Y	138	139	0.4953175189568434
SHSY5Y	139	140	0.5013595162902593
SHSY5Y	140	141	0.5017608467099066
SHSY5Y	141	142	0.5065401317151064
SHSY5Y	142	143	0.5094845440268992
SHSY5Y	143	144	0.5159714911149544
SHSY5Y	144	145	0.5193852996448056
SHSY5Y	145	146	0.520893791444979
SHSY5Y	146	147	0.530380762943575
SHSY5Y	147	148	0.5425379660171761
SHSY5Y	148	149	0.5678066721322497
SHSY5Y	149	150	0.5974518943121198
SHSY5Y	150	151	0.600669439767138
SHSY5Y	151	152	0.6027615997966745
SHSY5Y	152	153	0.6161974672368575
SHSY5Y	153	154	0.6187049143130543
SHSY5Y	154	155	0.6409438224048262
SHSY5Y	155	156	0.6451799545469827
SHSY5Y	156	157	0.665953528830106
SHSY5Y	157	158	0.6885038774610136
SHSY5Y	158	159	0.7220980982516119
SHSY5Y	159	160	0.7452185308649374
SHSY5Y	160	161	0.7580780479558696
SHSY5Y	161	162	0.7845035811328672
SHSY5Y	162	163	0.7930505169132894
SHSY5Y	163	164	0.8474204546121862
SHSY5Y	164	165	0.8671691065979953
SHSY5Y	165	166	0.9215955444311764
SHSY5Y	166	167	0.9645059754471228
SHSY5Y	167	168	-6.345996282002998
SHSY5Y	168	169	-4.957074634241762
SHSY5Y	169	170	-4.4094698695128764
SHSY5Y	170	171	-4.378588554720823
SHSY5Y	171	172	-3.753317810620145
SHSY5Y	172	173	-3.2129909445599383
SHSY5Y	173	174	-3.191186530327817
SHSY5Y	174	175	-2.728316006486504
SHSY5Y	175	176	-2.438877124119971
SHSY5Y	176	177	-2.3650699949991
SHSY5Y	177	178	-2.215658029692401
SHSY5Y	178	179	-1.891784221865252
SHSY5Y	179	180	-1.7735435900654533
SHSY5Y	180	181	-1.6483940180765189
SHSY5Y	181	182	-1.088788775602796
SHSY5Y	182	183	-1.0788340909946306
SHSY5Y	183	184	-0.9882551055242612
SHSY5Y	184	185	-0.8215285249163629
SHSY5Y	185	186	-0.6380966032551263
SHSY5Y	186	187	-0.5898605445625574
SHSY5Y	187	188	-0.5851732955843828
SHSY5Y	188	189	-0.4835334094915268
SHSY5Y	189	190	-0.4551129324475931
SHSY5Y	190	191	-0.3442386159352834
SHSY5Y	191	192	-0.2861223206498851
SHSY5Y	192	193	0.1289894981218209
SHSY5Y	193	194	0.1693617666661083
SHSY5Y	194	195	0.1772453252440159
SHSY5Y	195	196	0.1823042885174287
SHSY5Y	196	197	0.1860138374932883
SHSY5Y	197	198	0.20170169063769
SHSY5Y	198	199	0.2149608551496856
SHSY5Y	199	200	0.2250318512673101
SHSY5Y	200	201	0.2251289527224989
SHSY5Y	201	202	0.226671063724557
SHSY5Y	202	203	0.2325113561350311
SHSY5Y	203	204	0.235154424640638
SHSY5Y	204	205	0.2375392761741119
SHSY5Y	205	206	0.2488473159795057
SHSY5Y	206	207	0.2514853790039068
SHSY5Y	207	208	0.2585275779941545
SHSY5Y	208	209	0.2676610140684218
SHSY5Y	209	210	0.2687624446903106
SHSY5Y	210	211	0.2706391807772361
SHSY5Y	211	212	0.2730349963087534
SHSY5Y	212	213	0.2771496850981327
SHSY5Y	213	214	0.2839495201525769
SHSY5Y	214	215	0.2856140503355767
SHSY5Y	215	216	0.2909004704549503
SHSY5Y	216	217	0.3038385719986389
SHSY5Y	217	218	0.3147132830425319
SHSY5Y	218	219	0.3149875959789467
SHSY5Y	219	220	0.3159385534198583
SHSY5Y	220	221	0.3165708931256568
SHSY5Y	221	222	0.3172772282035905
SHSY5Y	222	223	0.3215142894090937
SHSY5Y	223	224	0.3216777145649557
SHSY5Y	224	225	0.3225976336891181
SHSY5Y	225	226	0.3253047434308531
SHSY5Y	226	227	0.3267869722281527
SHSY5Y	227	228	0.3346457431593038
SHSY5Y	228	229	0.3347071030840525
SHSY5Y	229	230	0.3456491702911018
SHSY5Y	230	231	0.3579515841975521
SHSY5Y	231	232	0.3671151807067637
SHSY5Y	232	233	0.3672739610619608
SHSY5Y	233	234	0.3680962032867995
SHSY5Y	234	235	0.3699421882916103
SHSY5Y	235	236	0.3726307348402942
SHSY5Y	236	237	0.3797932501936965
SHSY5Y	237	238	0.3805392755778977
SHSY5Y	238	239	0.380878916451448
SHSY5Y	239	240	0.381989418619304
SHSY5Y	240	241	0.3853547900649803
SHSY5Y	241	242	0.3866295713617405
SHSY5Y	242	243	0.3876530892362645
SHSY5Y	243	244	0.3967036538493523
SHSY5Y	244	245	0.4000208848096491
SHSY5Y	245	246	0.4017645998644758
SHSY5Y	246	247	0.4021850383849906
SHSY5Y	247	248	0.4070685924348033
SHSY5Y	248	249	0.4099624308638424
SHSY5Y	249	250	0.412471755835378
SHSY5Y	250	251	0.4136400385935856
SHSY5Y	251	252	0.4241685485420718
SHSY5Y	252	253	0.4263103536901618
SHSY5Y	253	254	0.4266586394971242
SHSY5Y	254	255	0.4270232887786317
SHSY5Y	255	256	0.427821950648395
SHSY5Y	256	257	0.4288009646042964
SHSY5Y	257	258	0.438392526185582
SHSY5Y	258	259	0.4507821843053496
SHSY5Y	259	260	0.451375577961224
SHSY5Y	260	261	0.4550350587927459
SHSY5Y	261	262	0.4564887699380391
SHSY5Y	262	263	0.4630422886362296
SHSY5Y	263	264	0.4651551749147397
SHSY5Y	264	265	0.4674609813296535
SHSY5Y	265	266	0.4698825991858961
SHSY5Y	266	267	0.4815563098201926
SHSY5Y	267	268	0.4830207907396847
SHSY5Y	268	269	0.4871507446116042
SHSY5Y	269	270	0.4871557355929209
SHSY5Y	270	271	0.4884208135642872
SHSY5Y	271	272	0.4956977328477202
SHSY5Y	272	273	0.4983951139194203
SHSY5Y	273	274	0.4996402966247773
SHSY5Y	274	275	0.5013143949414867
SHSY5Y	275	276	0.5349090202927931
SHSY5Y	276	277	0.5583843968876122
SHSY5Y	277	278	0.566878409241823
SHSY5Y	278	279	0.5678571791186923
SHSY5Y	279	280	0.5713967016054572
SHSY5Y	280	281	0.583637110246084
SHSY5Y	281	282	0.5918213503760378
SHSY5Y	282	283	0.60070995893214
SHSY5Y	283	284	0.6203525907209636
SHSY5Y	284	285	0.6353079549884458
SHSY5Y	285	286	0.6458849621232693
SHSY5Y	286	287	0.6924361406447753
SHSY5Y	287	288	0.7157443435539903
SHSY5Y	288	289	0.7752646559471977
SHSY5Y	289	290	0.8042615467197558
SHSY5Y	290	291	0.8449256386086361
SHSY5Y	291	292	0.8530283318779928
SHSY5Y	292	293	0.8696587266141189
CACO2	0	1	-1.1905071025051854
CACO2	1	2	-1.1846782669189575
CACO2	2	3	-1.0770665884096475
CACO2	3	4	-1.0344531277230142
CACO2	4	5	-1.017802927358863
CACO2	5	6	-0.9510747261557444
CACO2	6	7	-0.8864203361746896
CACO2	7	8	-0.8333517165316557
CACO2	8	9	-0.8283080269115956
CACO2	9	10	-0.8072987876058577
CACO2	10	11	-0.7280906915365454
CACO2	11	12	-0.6864128902930724
CACO2	12	13	-0.6529979687578816
CACO2	13	14	-0.6070567405250942
CACO2	14	15	-0.6031241283040739
CACO2	15	16	-0.5568324980811411
CACO2	16	17	-0.546605610858068
CACO2	17	18	-0.5064923590097479
CACO2	18	19	-0.4687152046769914
CACO2	19	20	-0.4610369123115255
CACO2	20	21	-0.4364050289308691
CACO2	21	22	-0.4298199317774971
CACO2	22	23	-0.4246908395557774
CACO2	23	24	-0.4218156407349184
CACO2	24	25	-0.4093552500511989
CACO2	25	26	-0.4018876393338167
CACO2	26	27	-0.3918252616547994
CACO2	27	28	-0.3906549390706323
CACO2	28	29	-0.3860089640020401
CACO2	29	30	-0.3834537156676318
CACO2	30	31	-0.3612336936827526
CACO2	31	32	-0.3591828564199234
CACO2	32	33	-0.3562900541627299
CACO2	33	34	-0.3555104233915128
CACO2	34	35	-0.3527731121463264
CACO2	35	36	-0.3500226397051021
CACO2	36	37	-0.3424097092395147
CACO2	37	38	-0.3404531015974392
CACO2	38	39	-0.340144414559917
CACO2	39	40	-0.3354689054336468
CACO2	40	41	-0.3277005057597903
CACO2	41	42	-0.3254720486523634
CACO2	42	43	-0.3248253372884749
CACO2	43	44	-0.3198772439942061
CACO2	44	45	-0.3149784080498302
CACO2	45	46	-0.310197786439371
CACO2	46	47	-0.3061065378551573
CACO2	47	48	-0.3060566216254866
CACO2	48	49	-0.3040697816605078
CACO2	49	50	-0.2948650928549116
CACO2	50	51	-0.2933452361171253
CACO2	51	52	-0.2876170242486405
CACO2	52	53	-0.2842873266831284
CACO2	53	54	-0.2748528029959307
CACO2	54	55	-0.2721847682606429
CACO2	55	56	-0.2710817154019981
CACO2	56	57	-0.2703193448036125
CACO2	57	58	-0.2686906892977623
CACO2	58	59	-0.2648254672310347
CACO2	59	60	-0.2644811954372992
CACO2	60	61	-0.2619316618298402
CACO2	61	62	-0.2606944257853557
CACO2	62	63	-0.2547493500635505
CACO2	63	64	-0.2504090760008737
CACO2	64	65	-0.2477320041559862
CACO2	65	66	-0.2467003589756587
CACO2	66	67	-0.2342447621315534
CACO2	67	68	-0.2320847565837846
CACO2	68	69	-0.231795434461801
CACO2	69	70	-0.2313727364026843
CACO2	70	71	-0.2278457503489629
CACO2	71	72	-0.225189731394652
CACO2	72	73	-0.2248234003108672
CACO2	73	74	-0.2232462235046534
CACO2	74	75	-0.2196523947503212
CACO2	75	76	-0.2077824400287922
CACO2	76	77	-0.206886319698164
CACO2	77	78	-0.2066958819318892
CACO2	78	79	-0.2036401784718646
CACO2	79	80	-0.2033644037991733
CACO2	80	81	-0.1984306505851218
CACO2	81	82	-0.1953167233194515
CACO2	82	83	-0.1933334634078693
CACO2	83	84	-0.1915014190438428
CACO2	84	85	-0.1914748646764495
CACO2	85	86	-0.1906361749589378
CACO2	86	87	-0.1894398627906367
CACO2	87	88	-0.1844325067947268
CACO2	88	89	-0.1837837884130584
CACO2	89	90	-0.18378339521227
CACO2	90	91	-0.1823470715671231
CACO2	91	92	-0.1780358821331379
CACO2	92	93	-0.1778480658369602
CACO2	93	94	-0.1764897808130374
CACO2	94	95	-0.176152787014843
CACO2	95	96	-0.1710248717585286
CACO2	96	97	-0.1625728315123067
CACO2	97	98	-0.1620867549829233
CACO2	98	99	-0.1608232673377433
CACO2	99	100	-0.1537814580899286
CACO2	100	101	-0.1530211481282539
CACO2	101	102	-0.1437049170411108
CACO2	102	103	-0.1433876145855145
CACO2	103	104	-0.1411856198493066
CACO2	104	105	-0.1378621713632476
CACO2	105	106	-0.1378454374034607
CACO2	106	107	-0.1311687826729401
CACO2	107	108	-0.1310118330267032
CACO2	108	109	-0.1266103794898301
CACO2	109	110	-0.1260329773638669
CACO2	110	111	-0.1243187892608673
CACO2	111	112	-0.1241203340667815
CACO2	112	113	-0.1228429134227282
CACO2	113	114	-0.1208344413014033
CACO2	114	115	-0.1123295074478624
CACO2	115	116	-0.1022936100064639
CACO2	116	117	-0.1003201257909391
CACO2	117	118	-0.0958482338108972
CACO2	118	119	0.090353077771602
CACO2	119	120	0.103178103102018
CACO2	120	121	0.1069894638208093
CACO2	121	122	0.113350782089507
CACO2	122	123	0.1134076830223777
CACO2	123	124	0.1167203881599629
CACO2	124	125	0.1179142905930731
CACO2	125	126	0.1243717488509099
CACO2	126	127	0.1347623254285913
CACO2	127	128	0.1351025462009258
CACO2	128	129	0.135590894284833
CACO2	129	130	0.1426715318751698
CACO2	130	131	0.1480955226619526
CACO2	131	132	0.1487877317907211
CACO2	132	133	0.1582559704705395
CACO2	133	134	0.1583530684835444
CACO2	134	135	0.1731407704523751
CACO2	135	136	0.1740719970641897
CACO2	136	137	0.1762377356580972
CACO2	137	138	0.1777058012900005
CACO2	138	139	0.1789283854292774
CACO2	139	140	0.1842280701139196
CACO2	140	141	0.1855451880749117
CACO2	141	142	0.1881198990894544
CACO2	142	143	0.18822089335092
CACO2	143	144	0.1993970364687642
CACO2	144	145	0.2072032335195815
CACO2	145	146	0.210090629712511
CACO2	146	147	0.2118238622832993
CACO2	147	148	0.2120201992723548
CACO2	148	149	0.2121274792936122
CACO2	149	150	0.2126355703362678
CACO2	150	151	0.2168191642063267
CACO2	151	152	0.2175560145348106
CACO2	152	153	0.2189634869383636
CACO2	153	154	0.2226397974729957
CACO2	154	155	0.223063722552648
CACO2	155	156	0.2242261421895782
CACO2	156	157	0.227052898130313
CACO2	157	158	0.2334401193521436
CACO2	158	159	0.2382811305186613
CACO2	159	160	0.2569254836371687
CACO2	160	161	0.2690533787254289
CACO2	161	162	0.2704270215480596
CACO2	162	163	0.2746338076936055
CACO2	163	164	0.276777415974108
CACO2	164	165	0.2808067216807
CACO2	165	166	0.2815632515501781
CACO2	166	167	0.2828500271008339
CACO2	167	168	0.2836706107098163
CACO2	168	169	0.2848806161434392
CACO2	169	170	0.2856715769347747
CACO2	170	171	0.2888206543380036
CACO2	171	172	0.2917257461657289
CACO2	172	173	0.2931150641238887
CACO2	173	174	0.3021967863554057
CACO2	174	175	0.3026238141642902
CACO2	175	176	0.3132474434760889
CACO2	176	177	0.3194180367389412
CACO2	177	178	0.3199788992771575
CACO2	178	179	0.3214533276367279
CACO2	179	180	0.3246016398237583
CACO2	180	181	0.3248207981109976
CACO2	181	182	0.3270996486118184
CACO2	182	183	0.357078509744265
CACO2	183	184	0.3600299352640257
CACO2	184	185	0.3747401676642635
CACO2	185	186	0.3766393798435452
CACO2	186	187	0.3776066432583264
CACO2	187	188	0.3785563912779298
CACO2	188	189	0.3802358946776203
CACO2	189	190	0.3964688832700998
CACO2	190	191	0.402283648377031
CACO2	191	192	0.4035974665349129
CACO2	192	193	0.407905102863996
CACO2	193	194	0.415278393730911
CACO2	194	195	0.4177600016244039
CACO2	195	196	0.4280870393519151
CACO2	196	197	0.4580386561714353
CACO2	197	198	0.4583435159831541
CACO2	198	199	0.4651031311588484
CACO2	199	200	0.4772023077759675
CACO2	200	201	0.4836576500283739
CACO2	201	202	0.4840143443688985
CACO2	202	203	0.5216229841604241
CACO2	203	204	0.5298267509983321
CACO2	204	205	0.5595872826149196
CACO2	205	206	0.572615364716366
CACO2	206	207	0.584837148264302
CACO2	207	208	0.5872279054308432
CACO2	208	209	0.7308224583515435
CACO2	209	210	-1.163209705562099
CACO2	210	211	-1.0315104104100383
CACO2	211	212	-0.9523819462186912
CACO2	212	213	-0.7119682786359057
CACO2	213	214	-0.6550074802632357
CACO2	214	215	-0.6203118929327863
CACO2	215	216	-0.592696909426103
CACO2	216	217	-0.5811579101959443
CACO2	217	218	-0.5682559450677305
CACO2	218	219	-0.5644917218297062
CACO2	219	220	-0.560553987136373
CACO2	220	221	-0.5471026707422987
CACO2	221	222	-0.5307986437604847
CACO2	222	223	-0.5293994467138309
CACO2	223	224	-0.525019591689016
CACO2	224	225	-0.5217685565936767
CACO2	225	226	-0.4957785113713035
CACO2	226	227	-0.4908864019374155
CACO2	227	228	-0.4559832558481453
CACO2	228	229	-0.4515071970461076
CACO2	229	230	-0.4503407358986892
CACO2	230	231	-0.4476896939492027
CACO2	231	232	-0.4337955034858338
CACO2	232	233	-0.4042916612840466
CACO2	233	234	-0.3749915366141146
CACO2	234	235	-0.3728972389318267
CACO2	235	236	-0.372697895184312
CACO2	236	237	-0.3721205392618112
CACO2	237	238	-0.3702238286796859
CACO2	238	239	-0.3697380465730371
CACO2	239	240	-0.3640859186836634
CACO2	240	241	-0.3612239236410493
CACO2	241	242	-0.3593585300493336
CACO2	242	243	-0.3553909035965427
CACO2	243	244	-0.3546037242693277
CACO2	244	245	-0.3544805920920204
CACO2	245	246	-0.3419097230710621
CACO2	246	247	-0.3203721334043158
CACO2	247	248	-0.3157667891561838
CACO2	248	249	-0.3087294479003927
CACO2	249	250	-0.3077259273189106
CACO2	250	251	-0.3066232185054945
CACO2	251	252	-0.3027401807364368
CACO2	252	253	-0.2979800043701797
CACO2	253	254	-0.2880456930502278
CACO2	254	255	-0.2792943732273461
CACO2	255	256	-0.2666510496098934
CACO2	256	257	-0.2542070638387506
CACO2	257	258	-0.2467822850027438
CACO2	258	259	-0.2460905589718475
CACO2	259	260	-0.2422972525086496
CACO2	260	261	-0.2278871955909412
CACO2	261	262	-0.2220076354505017
CACO2	262	263	-0.198958305057202
CACO2	263	264	-0.1935090888854614
CACO2	264	265	-0.1924976332408323
CACO2	265	266	-0.1841268998070596
CACO2	266	267	-0.1829799420468548
CACO2	267	268	-0.1772604940341833
CACO2	268	269	-0.1669039731602542
CACO2	269	270	-0.16498074506272
CACO2	270	271	-0.1409310705129206
CACO2	271	272	-0.1403427321299048
CACO2	272	273	-0.1303431590649704
CACO2	273	274	-0.1157366251050316
CACO2	274	275	-0.102482449602573
CACO2	275	276	-0.0786526067464384
CACO2	276	277	0.0940515505096123
CACO2	277	278	0.1140958784965451
CACO2	278	279	0.1251640753065522
CACO2	279	280	0.1280740011973034
CACO2	280	281	0.1552478228837782
CACO2	281	282	0.1628474002102628
CACO2	282	283	0.1666259349033594
CACO2	283	284	0.1707077280467925
CACO2	284	285	0.1712839531954412
CACO2	285	286	0.1769260283768221
CACO2	286	287	0.183025557790134
CACO2	287	288	0.1865325113459063
CACO2	288	289	0.189168455763992
CACO2	289	290	0.1911479368691307
CACO2	290	291	0.1931435687830697
CACO2	291	292	0.1996691460928039
CACO2	292	293	0.2194963290256429
CACO2	293	294	0.2268065875125892
CACO2	294	295	0.2287511666434901
CACO2	295	296	0.2296273316516467
CACO2	296	297	0.229640414927553
CACO2	297	298	0.2337878350828766
CACO2	298	299	0.2386530697005831
CACO2	299	300	0.2403456131573099
CACO2	300	301	0.2448778530088866
CACO2	301	302	0.2475918860137143
CACO2	302	303	0.2481547152073744
CACO2	303	304	0.2497454448694857
CACO2	304	305	0.2604207729122498
CACO2	305	306	0.2626707405314812
CACO2	306	307	0.2664967582237241
CACO2	307	308	0.2680622803218112
CACO2	308	309	0.2699389688459533
CACO2	309	310	0.2700267135822148
CACO2	310	311	0.2737985143785783
CACO2	311	312	0.2929748010687919
CACO2	312	313	0.3024732433938433
CACO2	313	314	0.31438483497648
CACO2	314	315	0.3211673287574796
CACO2	315	316	0.3257708854472559
CACO2	316	317	0.3311248313799018
CACO2	317	318	0.3473317760382964
CACO2	318	319	0.3484570461411885
CACO2	319	320	0.3727083269046365
CACO2	320	321	0.4309071008452895
CACO2	321	322	0.4368722056040323
CACO2	322	323	0.4828217842616004
CACO2	323	324	0.5323795572717553
CACO2	324	325	0.5459154878519425
CACO2	325	326	0.559518141820126
CACO2	326	327	0.5605812066933694
CACO2	327	328	0.5985290607106333
CACO2	328	329	0.6583605834499239
CACO2	329	330	0.7813050574157634
CACO2	330	331	0.8972629358856683
CACO2	331	332	1.0977897629493978
Monocytes	0	1	-1.5206169107121743
Monocytes	1	2	-1.4807999867279984
Monocytes	2	3	-1.3418894690756982
Monocytes	3	4	-1.314756606586887
Monocytes	4	5	-1.2433055233867645
Monocytes	5	6	-1.226851972812356
Monocytes	6	7	-1.1883842601985588
Monocytes	7	8	-1.1751484140031017
Monocytes	8	9	-1.1700262238625343
Monocytes	9	10	-1.1595522072181643
Monocytes	10	11	-1.129122638416657
Monocytes	11	12	-1.0853099094999763
Monocytes	12	13	-1.046522594065923
Monocytes	13	14	-0.9950809289828992
Monocytes	14	15	-0.9769801936162084
Monocytes	15	16	-0.9628161037661408
Monocytes	16	17	-0.960070326062959
Monocytes	17	18	-0.871951480101481
Monocytes	18	19	-0.8586258824973279
Monocytes	19	20	-0.8549103347885555
Monocytes	20	21	-0.8420398627596469
Monocytes	21	22	-0.8312989910323156
Monocytes	22	23	-0.7899527332916613
Monocytes	23	24	-0.77591648844468
Monocytes	24	25	-0.7588464440561841
Monocytes	25	26	-0.7583266579963654
Monocytes	26	27	-0.7542175045085339
Monocytes	27	28	-0.7406660848938512
Monocytes	28	29	-0.7389803837257904
Monocytes	29	30	-0.737913592055478
Monocytes	30	31	-0.7364698916438631
Monocytes	31	32	-0.7316498204211613
Monocytes	32	33	-0.7306679703406709
Monocytes	33	34	-0.7236908253934513
Monocytes	34	35	-0.7113739459862487
Monocytes	35	36	-0.7033566660321663
Monocytes	36	37	-0.6878038755504372
Monocytes	37	38	-0.6836656454838291
Monocytes	38	39	-0.6797063911862147
Monocytes	39	40	-0.678594121113792
Monocytes	40	41	-0.6561648154971204
Monocytes	41	42	-0.6536607589447465
Monocytes	42	43	-0.6235640912997853
Monocytes	43	44	-0.6235493458162786
Monocytes	44	45	-0.6187921461578479
Monocytes	45	46	-0.6185458568372684
Monocytes	46	47	-0.6136582567644303
Monocytes	47	48	-0.6110655987228478
Monocytes	48	49	-0.6005708591259529
Monocytes	49	50	-0.597212602983292
Monocytes	50	51	-0.5957665092265356
Monocytes	51	52	-0.5902477400901593
Monocytes	52	53	-0.5866393513044988
Monocytes	53	54	-0.5783561753333238
Monocytes	54	55	-0.5763730367209934
Monocytes	55	56	-0.5718734900897275
Monocytes	56	57	-0.5710919203838082
Monocytes	57	58	-0.56784497084327
Monocytes	58	59	-0.5653651692067326
Monocytes	59	60	-0.562825680009011
Monocytes	60	61	-0.5566906943206632
Monocytes	61	62	-0.5553039122985307
Monocytes	62	63	-0.551618574082787
Monocytes	63	64	-0.5473532777902073
Monocytes	64	65	-0.5446997411985756
Monocytes	65	66	-0.544362786381703
Monocytes	66	67	-0.5432356585517846
Monocytes	67	68	-0.5363220731672498
Monocytes	68	69	-0.533944054637327
Monocytes	69	70	-0.5326150566972396
Monocytes	70	71	-0.5311503480447769
Monocytes	71	72	-0.519096864910374
Monocytes	72	73	-0.518106407251251
Monocytes	73	74	-0.5028196122729026
Monocytes	74	75	-0.5012262364588236
Monocytes	75	76	-0.4994319486671391
Monocytes	76	77	-0.4887395194253534
Monocytes	77	78	-0.4881014729928138
Monocytes	78	79	-0.486924135698962
Monocytes	79	80	-0.4824433253959144
Monocytes	80	81	-0.4778446361008231
Monocytes	81	82	-0.4624381252097281
Monocytes	82	83	-0.4596906313786135
Monocytes	83	84	-0.4595743741572153
Monocytes	84	85	-0.4581823809374534
Monocytes	85	86	-0.4575316872702779
Monocytes	86	87	-0.4570141912024912
Monocytes	87	88	-0.4545636492287388
Monocytes	88	89	-0.4390033653712923
Monocytes	89	90	-0.4375610625723361
Monocytes	90	91	-0.4316018905070832
Monocytes	91	92	-0.430900594357218
Monocytes	92	93	-0.4287501174486339
Monocytes	93	94	-0.4287010578706764
Monocytes	94	95	-0.4280540860466547
Monocytes	95	96	-0.4267135432058062
Monocytes	96	97	-0.4244190487927384
Monocytes	97	98	-0.4229140248830601
Monocytes	98	99	-0.4220639157492318
Monocytes	99	100	-0.4170613568833942
Monocytes	100	101	-0.4165220865895245
Monocytes	101	102	-0.4162281099782484
Monocytes	102	103	-0.4135755306836543
Monocytes	103	104	-0.4123574500228703
Monocytes	104	105	-0.4121463384333008
Monocytes	105	106	-0.412010880626914
Monocytes	106	107	-0.3969367950322336
Monocytes	107	108	-0.3966218991706348
Monocytes	108	109	-0.3909702152073387
Monocytes	109	110	-0.3773588544292141
Monocytes	110	111	-0.3756856824136476
Monocytes	111	112	-0.3733239581305005
Monocytes	112	113	-0.3717512150500886
Monocytes	113	114	-0.3695210731429083
Monocytes	114	115	-0.3665099804882719
Monocytes	115	116	-0.358977027189796
Monocytes	116	117	-0.3589472734962882
Monocytes	117	118	-0.3545226632392059
Monocytes	118	119	-0.3513957770152007
Monocytes	119	120	-0.3511996999637235
Monocytes	120	121	-0.3426568313976765
Monocytes	121	122	-0.3392299903779044
Monocytes	122	123	-0.3385623316711285
Monocytes	123	124	-0.3314636702205302
Monocytes	124	125	-0.3299953722251189
Monocytes	125	126	-0.3272662307474033
Monocytes	126	127	-0.3271598154946039
Monocytes	127	128	-0.3252665588743393
Monocytes	128	129	-0.323185594099941
Monocytes	129	130	-0.3164169656871266
Monocytes	130	131	-0.3155343333821129
Monocytes	131	132	-0.3150058833984698
Monocytes	132	133	-0.3138868813675963
Monocytes	133	134	-0.3108810215143917
Monocytes	134	135	-0.3055977221587999
Monocytes	135	136	-0.2961436937154296
Monocytes	136	137	-0.2928110288513512
Monocytes	137	138	-0.2916397760002009
Monocytes	138	139	-0.2914751885059997
Monocytes	139	140	-0.2912933973884855
Monocytes	140	141	-0.2892783182834334
Monocytes	141	142	-0.2872217097579452
Monocytes	142	143	-0.2842201242543319
Monocytes	143	144	-0.2813370193072663
Monocytes	144	145	-0.2778369762752695
Monocytes	145	146	-0.2756573679189965
Monocytes	146	147	-0.2753454334780598
Monocytes	147	148	-0.2744198942099082
Monocytes	148	149	-0.271409509079296
Monocytes	149	150	-0.2685426126327971
Monocytes	150	151	-0.2657928722026682
Monocytes	151	152	-0.2646907108532788
Monocytes	152	153	-0.2645633193608375
Monocytes	153	154	-0.2636774766383361
Monocytes	154	155	-0.2636124921279467
Monocytes	155	156	-0.2604166783710769
Monocytes	156	157	-0.2590450460520928
Monocytes	157	158	-0.2576492464779327
Monocytes	158	159	-0.2569413186646967
Monocytes	159	160	-0.2567448738429291
Monocytes	160	161	-0.2548981514276249
Monocytes	161	162	-0.2513380261436336
Monocytes	162	163	-0.2495447358741551
Monocytes	163	164	-0.2493258661189465
Monocytes	164	165	-0.247955699064609
Monocytes	165	166	-0.2475411180569875
Monocytes	166	167	-0.2472266549687799
Monocytes	167	168	-0.2457432050615075
Monocytes	168	169	-0.2443651444611788
Monocytes	169	170	-0.2417562340541518
Monocytes	170	171	-0.2385797501164553
Monocytes	171	172	-0.236565384073836
Monocytes	172	173	-0.2326031757948261
Monocytes	173	174	-0.2309256671458688
Monocytes	174	175	-0.2303359282284092
Monocytes	175	176	-0.2282851291537588
Monocytes	176	177	-0.2259881196884671
Monocytes	177	178	-0.2239094370569063
Monocytes	178	179	-0.2231716242467548
Monocytes	179	180	-0.2145468534179798
Monocytes	180	181	-0.2123978638493669
Monocytes	181	182	-0.2074147556462241
Monocytes	182	183	-0.1969459678694918
Monocytes	183	184	-0.1955130574467017
Monocytes	184	185	-0.1953431485727195
Monocytes	185	186	-0.1941277266066733
Monocytes	186	187	-0.1906695181030217
Monocytes	187	188	-0.1824883457133406
Monocytes	188	189	-0.1805469364143705
Monocytes	189	190	-0.1764024823511856
Monocytes	190	191	-0.1762796007151009
Monocytes	191	192	-0.1723975833928248
Monocytes	192	193	-0.171918426242915
Monocytes	193	194	-0.1717163338245309
Monocytes	194	195	-0.1706506465454931
Monocytes	195	196	-0.1648316988012667
Monocytes	196	197	-0.1643715934338572
Monocytes	197	198	-0.164067063063775
Monocytes	198	199	-0.1623388669362865
Monocytes	199	200	-0.1584904720875704
Monocytes	200	201	-0.1525183703099317
Monocytes	201	202	-0.1513083641821898
Monocytes	202	203	-0.1460185219353903
Monocytes	203	204	-0.1361171217225063
Monocytes	204	205	-0.1192223494826375
Monocytes	205	206	-0.1045100292808046
Monocytes	206	207	-0.0929006710235698
Monocytes	207	208	0.121330642927665
Monocytes	208	209	0.1518270809655745
Monocytes	209	210	0.1617952212967932
Monocytes	210	211	0.1726857788913601
Monocytes	211	212	0.195952715770434
Monocytes	212	213	0.2011747086928546
Monocytes	213	214	0.2061006426174978
Monocytes	214	215	0.2326371415259541
Monocytes	215	216	0.236324052765127
Monocytes	216	217	0.2438640549865892
Monocytes	217	218	0.2470558619788908
Monocytes	218	219	0.2508108646281034
Monocytes	219	220	0.2566437246713889
Monocytes	220	221	0.2615561618621121
Monocytes	221	222	0.2727488876149259
Monocytes	222	223	0.296301684772474
Monocytes	223	224	0.3028770879814266
Monocytes	224	225	0.3096274571909102
Monocytes	225	226	0.3098133647798693
Monocytes	226	227	0.3237471940685551
Monocytes	227	228	0.3265215922964494
Monocytes	228	229	0.333608621206392
Monocytes	229	230	0.3502794448064634
Monocytes	230	231	0.3522074086411277
Monocytes	231	232	0.3575836115559887
Monocytes	232	233	0.3931162839095518
Monocytes	233	234	0.4120292259390486
Monocytes	234	235	0.4413574263770063
Monocytes	235	236	0.452950181239188
Monocytes	236	237	0.4633103048593661
Monocytes	237	238	0.4971123711129299
Monocytes	238	239	0.5093779013444963
Monocytes	239	240	0.5106091091155167
Monocytes	240	241	0.5124809333458389
Monocytes	241	242	0.5217513597572196
Monocytes	242	243	0.5271888102723155
Monocytes	243	244	0.5296515779326694
Monocytes	244	245	0.5379125897385404
Monocytes	245	246	0.5440718433550482
Monocytes	246	247	0.5486492402556721
Monocytes	247	248	0.5537149910191287
Monocytes	248	249	0.5566391640039728
Monocytes	249	250	0.5630075835959257
Monocytes	250	251	0.5630915111929018
Monocytes	251	252	0.5662913905230438
Monocytes	252	253	0.600110506117916
Monocytes	253	254	0.6129941653594502
Monocytes	254	255	0.6557767957948408
Monocytes	255	256	0.6648058521836545
Monocytes	256	257	0.6674421807835763
Monocytes	257	258	0.6680394163310885
Monocytes	258	259	0.6786761447113817
Monocytes	259	260	0.6926906938582876
Monocytes	260	261	0.7965657177467609
Monocytes	261	262	0.8462002553527123
Monocytes	262	263	1.0982977185751788
Monocytes	263	264	1.144519047117875
Monocytes	264	265	-1.7263280208222116
Monocytes	265	266	-1.6688905663626066
Monocytes	266	267	-1.570181694168009
Monocytes	267	268	-1.434308856342251
Monocytes	268	269	-1.4217262286594343
Monocytes	269	270	-1.3569626963109598
Monocytes	270	271	-1.106154363669687
Monocytes	271	272	-1.0550891030332448
Monocytes	272	273	-0.9826751222796526
Monocytes	273	274	-0.9355454551659448
Monocytes	274	275	-0.9156129265029768
Monocytes	275	276	-0.9022931106629064
Monocytes	276	277	-0.845612053080189
Monocytes	277	278	-0.8437657451312925
Monocytes	278	279	-0.8388982040670957
Monocytes	279	280	-0.8388749858919022
Monocytes	280	281	-0.8370882015485078
Monocytes	281	282	-0.8342567585170848
Monocytes	282	283	-0.8235786888933342
Monocytes	283	284	-0.7925534377973971
Monocytes	284	285	-0.7864548259295255
Monocytes	285	286	-0.7808499692395129
Monocytes	286	287	-0.7798786743147048
Monocytes	287	288	-0.7719289909576297
Monocytes	288	289	-0.7691283383656369
Monocytes	289	290	-0.7654599225999436
Monocytes	290	291	-0.7614870412640744
Monocytes	291	292	-0.7380262749508528
Monocytes	292	293	-0.733545009230468
Monocytes	293	294	-0.7160915366777333
Monocytes	294	295	-0.71327549739804
Monocytes	295	296	-0.7095515360932249
Monocytes	296	297	-0.6935272057266152
Monocytes	297	298	-0.6910052888251028
Monocytes	298	299	-0.6782837267061654
Monocytes	299	300	-0.6730908003932319
Monocytes	300	301	-0.663723318630114
Monocytes	301	302	-0.6568196626802919
Monocytes	302	303	-0.6555428758562579
Monocytes	303	304	-0.6432977500774624
Monocytes	304	305	-0.6402667972069619
Monocytes	305	306	-0.6363436971342931
Monocytes	306	307	-0.6356464129063767
Monocytes	307	308	-0.6188906922919086
Monocytes	308	309	-0.6130546357905186
Monocytes	309	310	-0.6013847765311237
Monocytes	310	311	-0.572021218557951
Monocytes	311	312	-0.562059710922161
Monocytes	312	313	-0.5584655999763305
Monocytes	313	314	-0.5485428067895101
Monocytes	314	315	-0.5436178057409461
Monocytes	315	316	-0.5372776823196234
Monocytes	316	317	-0.5364320553801082
Monocytes	317	318	-0.5352340825053283
Monocytes	318	319	-0.5316139647816488
Monocytes	319	320	-0.5309615400130979
Monocytes	320	321	-0.5270976724938643
Monocytes	321	322	-0.5225329342808075
Monocytes	322	323	-0.5211333906046244
Monocytes	323	324	-0.5185988109365391
Monocytes	324	325	-0.5086591320255928
Monocytes	325	326	-0.5045233258970437
Monocytes	326	327	-0.5040257736939713
Monocytes	327	328	-0.5001266558023918
Monocytes	328	329	-0.4993777728637314
Monocytes	329	330	-0.498263839091654
Monocytes	330	331	-0.4951532188004749
Monocytes	331	332	-0.491166513606308
Monocytes	332	333	-0.4858889162407262
Monocytes	333	334	-0.4829292014394183
Monocytes	334	335	-0.4800767997071313
Monocytes	335	336	-0.4792470678337823
Monocytes	336	337	-0.4787589956905072
Monocytes	337	338	-0.4786285277480396
Monocytes	338	339	-0.4643112013051853
Monocytes	339	340	-0.463865563033104
Monocytes	340	341	-0.4602906622784537
Monocytes	341	342	-0.4589152201860202
Monocytes	342	343	-0.4584904290551939
Monocytes	343	344	-0.4303601567203723
Monocytes	344	345	-0.4285247771525988
Monocytes	345	346	-0.4216377902610336
Monocytes	346	347	-0.4207717483174873
Monocytes	347	348	-0.4179726857355341
Monocytes	348	349	-0.4158609717224028
Monocytes	349	350	-0.411315313433319
Monocytes	350	351	-0.3993811297413839
Monocytes	351	352	-0.3970997528653813
Monocytes	352	353	-0.3865809358979701
Monocytes	353	354	-0.3832653460577993
Monocytes	354	355	-0.3770220119635384
Monocytes	355	356	-0.3748847129100572
Monocytes	356	357	-0.3671262241047861
Monocytes	357	358	-0.3670749300025135
Monocytes	358	359	-0.3652221824903822
Monocytes	359	360	-0.3640889501078103
Monocytes	360	361	-0.3571300740122256
Monocytes	361	362	-0.3529422489974745
Monocytes	362	363	-0.3513737425587535
Monocytes	363	364	-0.3502466382260508
Monocytes	364	365	-0.3361810936289106
Monocytes	365	366	-0.3236005125332216
Monocytes	366	367	-0.3191050445868172
Monocytes	367	368	-0.3176045171995725
Monocytes	368	369	-0.3142718696762586
Monocytes	369	370	-0.3128040993173575
Monocytes	370	371	-0.3091957910515849
Monocytes	371	372	-0.3041152450405314
Monocytes	372	373	-0.2990890619465587
Monocytes	373	374	-0.2977539873896045
Monocytes	374	375	-0.2973446193060577
Monocytes	375	376	-0.2931349287707022
Monocytes	376	377	-0.2901872647369532
Monocytes	377	378	-0.2850625538100658
Monocytes	378	379	-0.2814315668939242
Monocytes	379	380	-0.2781869624541411
Monocytes	380	381	-0.2705901669273382
Monocytes	381	382	-0.2673273002640555
Monocytes	382	383	-0.2668807996859325
Monocytes	383	384	-0.2617612869540489
Monocytes	384	385	-0.2574113637001399
Monocytes	385	386	-0.2543645481285791
Monocytes	386	387	-0.2509836897363572
Monocytes	387	388	-0.2489635626356623
Monocytes	388	389	-0.24803125849805
Monocytes	389	390	-0.2477944014020724
Monocytes	390	391	-0.2472006002467235
Monocytes	391	392	-0.2449511526471365
Monocytes	392	393	-0.2442751495968123
Monocytes	393	394	-0.2382617643895405
Monocytes	394	395	-0.2358889064156441
Monocytes	395	396	-0.2342856886709994
Monocytes	396	397	-0.2267624689389903
Monocytes	397	398	-0.2235451258832987
Monocytes	398	399	-0.2195872029887537
Monocytes	399	400	-0.2071133448105506
Monocytes	400	401	-0.204539627198086
Monocytes	401	402	-0.2033043782570237
Monocytes	402	403	-0.1974839789449572
Monocytes	403	404	-0.1875029394235053
Monocytes	404	405	-0.1847828997208153
Monocytes	405	406	-0.1837392469725272
Monocytes	406	407	-0.1813384648156216
Monocytes	407	408	-0.1766975328698053
Monocytes	408	409	-0.1746261321215377
Monocytes	409	410	-0.1730276177048265
Monocytes	410	411	-0.1684477794902025
Monocytes	411	412	-0.1682017601630075
Monocytes	412	413	-0.1667689756524574
Monocytes	413	414	-0.1599102721353091
Monocytes	414	415	-0.1519296864156878
Monocytes	415	416	-0.1352404914305152
Monocytes	416	417	0.0980389755191514
Monocytes	417	418	0.1324628126528742
Monocytes	418	419	0.150264833927938
Monocytes	419	420	0.1504013111742377
Monocytes	420	421	0.1847527548539561
Monocytes	421	422	0.2078306382351617
Monocytes	422	423	0.2112512987232078
Monocytes	423	424	0.2387853833316574
Monocytes	424	425	0.2468458162470213
Monocytes	425	426	0.2697165761628599
Monocytes	426	427	0.2758977403023509
Monocytes	427	428	0.2953356947719669
Monocytes	428	429	0.3257057002058636
Monocytes	429	430	0.3361469180876534
Monocytes	430	431	0.3544077578154752
Monocytes	431	432	0.3789584578365674
Monocytes	432	433	0.3809639866511398
Monocytes	433	434	0.3951311764910597
Monocytes	434	435	0.3988340270432469
Monocytes	435	436	0.4096050472364215
Monocytes	436	437	0.4111096962832141
Monocytes	437	438	0.4117235723155975
Monocytes	438	439	0.4228031325889506
Monocytes	439	440	0.4261806916841927
Monocytes	440	441	0.4358589616595552
Monocytes	441	442	0.4407716808334145
Monocytes	442	443	0.4424020592395263
Monocytes	443	444	0.4461239898828251
Monocytes	444	445	0.4574298155387197
Monocytes	445	446	0.4587684857863685
Monocytes	446	447	0.463367177703558
Monocytes	447	448	0.4650677571966443
Monocytes	448	449	0.4659781791767493
Monocytes	449	450	0.4777242083398527
Monocytes	450	451	0.4967307355630536
Monocytes	451	452	0.5222682249325147
Monocytes	452	453	0.5354801014722238
Monocytes	453	454	0.5457932465339601
Monocytes	454	455	0.5474769956634112
Monocytes	455	456	0.5530969882037607
Monocytes	456	457	0.5811968138173844
Monocytes	457	458	0.6025428010788647
Monocytes	458	459	0.6941530236583549
Monocytes	459	460	0.7507244809577813
Monocytes	460	461	0.8194930469830999
Monocytes	461	462	0.8408167623611656
Monocytes	462	463	1.7201488761633907
TCell	0	1	-2.8098634890162524
TCell	1	2	-0.9833631981619416
TCell	2	3	-0.8727303884105028
TCell	3	4	-0.85838090064365
TCell	4	5	-0.782029201389959
TCell	5	6	-0.7580148717773247
TCell	6	7	-0.7156241794974032
TCell	7	8	-0.6222260992252753
TCell	8	9	-0.5952750429875598
TCell	9	10	-0.582145193906505
TCell	10	11	-0.5268475188083404
TCell	11	12	-0.4521371164353502
TCell	12	13	-0.4491906440257236
TCell	13	14	-0.436129700266506
TCell	14	15	-0.3939707880619824
TCell	15	16	-0.381286601268145
TCell	16	17	-0.3795159458172685
TCell	17	18	-0.375181959098279
TCell	18	19	-0.3722151170429884
TCell	19	20	-0.3510598483624849
TCell	20	21	-0.3412906201131817
TCell	21	22	-0.3378043690909614
TCell	22	23	-0.3151639340954394
TCell	23	24	-0.3047407539834539
TCell	24	25	-0.2922945599876607
TCell	25	26	-0.288623560574421
TCell	26	27	-0.2691952674541293
TCell	27	28	-0.2640381927147678
TCell	28	29	-0.2566185997208833
TCell	29	30	-0.2549848691512592
TCell	30	31	-0.2144814996154122
TCell	31	32	-0.1643463783908205
TCell	32	33	0.1305933563184916
TCell	33	34	0.1368623559926169
TCell	34	35	0.1386188585479253
TCell	35	36	0.1434696978863266
TCell	36	37	0.1436826406160363
TCell	37	38	0.1474889414157213
TCell	38	39	0.1549377277446077
TCell	39	40	0.1592926635848732
TCell	40	41	0.1824727881349043
TCell	41	42	0.1879119440953748
TCell	42	43	0.1914545303334112
TCell	43	44	0.1923065422970921
TCell	44	45	0.2013224150990936
TCell	45	46	0.2160813329718802
TCell	46	47	0.2172982757071939
TCell	47	48	0.2176991952167098
TCell	48	49	0.2196519223620327
TCell	49	50	0.2235361386800081
TCell	50	51	0.2267768875454214
TCell	51	52	0.2317351864566381
TCell	52	53	0.2343611134481516
TCell	53	54	0.2356726201422778
TCell	54	55	0.2487641422781613
TCell	55	56	0.2537523091866178
TCell	56	57	0.2556412921341797
TCell	57	58	0.2604015821361471
TCell	58	59	0.2681365373441957
TCell	59	60	0.2695193764913016
TCell	60	61	0.2846682953710933
TCell	61	62	0.2937546297237471
TCell	62	63	0.2951082189646132
TCell	63	64	0.2951882054941302
TCell	64	65	0.3000192377910358
TCell	65	66	0.3013272348025331
TCell	66	67	0.3038448506950864
TCell	67	68	0.3038888228600953
TCell	68	69	0.3071883823244766
TCell	69	70	0.3163045198025566
TCell	70	71	0.3204893768914569
TCell	71	72	0.324339385919503
TCell	72	73	0.3306152196654434
TCell	73	74	0.3407091352572516
TCell	74	75	0.3431468476169336
TCell	75	76	0.3589627459596325
TCell	76	77	0.3679891616391432
TCell	77	78	0.377801621881854
TCell	78	79	0.3910882457013442
TCell	79	80	0.3953626731209778
TCell	80	81	0.4093458933623497
TCell	81	82	0.4295150130427811
TCell	82	83	0.4348518795968589
TCell	83	84	0.4367310231980124
TCell	84	85	0.4857553334594247
TCell	85	86	0.4918318042973033
TCell	86	87	0.5223793622291865
TCell	87	88	0.5264542942304039
TCell	88	89	0.589387774995179
TCell	89	90	0.6030596270328646
TCell	90	91	0.6596447819609991
TCell	91	92	0.7047578154928464
TCell	92	93	0.7261510762307972
TCell	93	94	0.8001123881284092
TCell	94	95	0.8383495415651004
TCell	95	96	1.1247926045383412
TCell	96	97	1.5300831148022858
TCell	97	98	-1.27473558461553
TCell	98	99	-1.2667255134508508
TCell	99	100	-1.134099577161177
TCell	100	101	-1.093070589572817
TCell	101	102	-0.844168160158693
TCell	102	103	-0.7896106767190001
TCell	103	104	-0.6182071017070215
TCell	104	105	-0.6026954140959716
TCell	105	106	-0.4822564541780904
TCell	106	107	-0.4540360430560493
TCell	107	108	-0.4306612651088393
TCell	108	109	-0.3644279866279162
TCell	109	110	-0.3156524882904253
TCell	110	111	-0.2202053311571231
TCell	111	112	0.1949640000134489
TCell	112	113	0.2153675204437307
TCell	113	114	0.2393588759626124
TCell	114	115	0.2458381424896911
TCell	115	116	0.2462233125114059
TCell	116	117	0.2474682667112902
TCell	117	118	0.2541097556398347
TCell	118	119	0.259509014482443
TCell	119	120	0.2970998515096373
TCell	120	121	0.3072731225641652
TCell	121	122	0.3319347141469655
TCell	122	123	0.3661398939714287
TCell	123	124	0.3705202571788536
TCell	124	125	0.4062631350473503
TCell	125	126	0.4477159157065085
TCell	126	127	0.4656331024844229
TCell	127	128	0.4829992878057049
TCell	128	129	0.5444647252022791
TCell	129	130	0.5971761587357283
TCell	130	131	0.6101052402800334
TCell	131	132	0.6613550874572333
TCell	132	133	0.7738552765820186
TCell	133	134	0.809472742070895
TCell	134	135	0.8356183155064749
TCell	135	136	0.8482862400234422
TCell	136	137	0.9583571667924632
TCell	137	138	1.783624488569716
TCell	138	139	2.929006167335138
Hepatocytes	0	1	-0.9379638562972742
Hepatocytes	1	2	-0.7512479803180984
Hepatocytes	2	3	-0.5981333520161535
Hepatocytes	3	4	-0.4416622624280378
Hepatocytes	4	5	-0.4253125335279347
Hepatocytes	5	6	-0.379548800369867
Hepatocytes	6	7	-0.374598131908013
Hepatocytes	7	8	-0.3718553644205085
Hepatocytes	8	9	-0.302941176893448
Hepatocytes	9	10	-0.2923310129091207
Hepatocytes	10	11	-0.2906326242026232
Hepatocytes	11	12	-0.2875673680409897
Hepatocytes	12	13	-0.2855745014086008
Hepatocytes	13	14	-0.2846345727412004
Hepatocytes	14	15	-0.2843401758307823
Hepatocytes	15	16	-0.2788807729605226
Hepatocytes	16	17	-0.2775873594044772
Hepatocytes	17	18	-0.2757768966827544
Hepatocytes	18	19	-0.2714362636042572
Hepatocytes	19	20	-0.2693380727640031
Hepatocytes	20	21	-0.2665429351776663
Hepatocytes	21	22	-0.2605012862705229
Hepatocytes	22	23	-0.2490547634105948
Hepatocytes	23	24	-0.2465993778085142
Hepatocytes	24	25	-0.2320894445800776
Hepatocytes	25	26	-0.2258580416537726
Hepatocytes	26	27	-0.2228685674845368
Hepatocytes	27	28	-0.2133356654153303
Hepatocytes	28	29	-0.2119024764016342
Hepatocytes	29	30	-0.2112359772954478
Hepatocytes	30	31	-0.1982227463574797
Hepatocytes	31	32	-0.1949091065035434
Hepatocytes	32	33	-0.1947949302110829
Hepatocytes	33	34	-0.1941724082192151
Hepatocytes	34	35	-0.1921631128824095
Hepatocytes	35	36	-0.188534161936465
Hepatocytes	36	37	-0.1864723020135077
Hepatocytes	37	38	-0.1854448927442066
Hepatocytes	38	39	-0.1833370765877724
Hepatocytes	39	40	-0.1832105060170088
Hepatocytes	40	41	-0.1783307981812154
Hepatocytes	41	42	-0.1766989347215797
Hepatocytes	42	43	-0.1764578051652738
Hepatocytes	43	44	-0.1751147219459298
Hepatocytes	44	45	-0.1733861756555342
Hepatocytes	45	46	-0.1733449669086524
Hepatocytes	46	47	-0.1708587946729021
Hepatocytes	47	48	-0.1647050810181689
Hepatocytes	48	49	-0.1643994692084865
Hepatocytes	49	50	-0.1593691878371739
Hepatocytes	50	51	-0.159247978689045
Hepatocytes	51	52	-0.1540523939689137
Hepatocytes	52	53	-0.1532873074005053
Hepatocytes	53	54	-0.149282427595956
Hepatocytes	54	55	-0.1478885305970333
Hepatocytes	55	56	-0.1462476871989996
Hepatocytes	56	57	-0.1447245406281694
Hepatocytes	57	58	-0.1421663317390464
Hepatocytes	58	59	-0.140122443951631
Hepatocytes	59	60	-0.1397170044030323
Hepatocytes	60	61	-0.1388430112516286
Hepatocytes	61	62	-0.1384857286906393
Hepatocytes	62	63	-0.1381076051426384
Hepatocytes	63	64	-0.1380534050368166
Hepatocytes	64	65	-0.1368010068357179
Hepatocytes	65	66	-0.13292283242821
Hepatocytes	66	67	-0.1324893412725608
Hepatocytes	67	68	-0.1310967727553628
Hepatocytes	68	69	-0.130940770458387
Hepatocytes	69	70	-0.1303435253508517
Hepatocytes	70	71	-0.1295926989774355
Hepatocytes	71	72	-0.1268420360303961
Hepatocytes	72	73	-0.1264466201515952
Hepatocytes	73	74	-0.1233963468662057
Hepatocytes	74	75	-0.1227177225237957
Hepatocytes	75	76	-0.1217774867768011
Hepatocytes	76	77	-0.1209633309250522
Hepatocytes	77	78	-0.1205699857247859
Hepatocytes	78	79	-0.1196443810839864
Hepatocytes	79	80	-0.1146872012383322
Hepatocytes	80	81	-0.1142720984648614
Hepatocytes	81	82	-0.1111476044539152
Hepatocytes	82	83	-0.1107117782501429
Hepatocytes	83	84	-0.1093638724837689
Hepatocytes	84	85	-0.1092882350177243
Hepatocytes	85	86	-0.1091418287185102
Hepatocytes	86	87	-0.1074964781812358
Hepatocytes	87	88	-0.1058984064927324
Hepatocytes	88	89	-0.1048377752532437
Hepatocytes	89	90	-0.1017927582288405
Hepatocytes	90	91	-0.09804979661216
Hepatocytes	91	92	-0.0977441306160821
Hepatocytes	92	93	-0.0971351575609761
Hepatocytes	93	94	-0.0964442574875883
Hepatocytes	94	95	-0.0938263848200758
Hepatocytes	95	96	-0.0920536090294865
Hepatocytes	96	97	-0.0891241714300297
Hepatocytes	97	98	-0.0846845671601728
Hepatocytes	98	99	-0.0822309662603248
Hepatocytes	99	100	-0.0792941903971333
Hepatocytes	100	101	-0.0709499326981153
Hepatocytes	101	102	-0.0665514729145221
Hepatocytes	102	103	0.0799283886222146
Hepatocytes	103	104	0.0829373146512982
Hepatocytes	104	105	0.090354079266876
Hepatocytes	105	106	0.0946241415024747
Hepatocytes	106	107	0.1026531601895273
Hepatocytes	107	108	0.103734283861868
Hepatocytes	108	109	0.1099095832657934
Hepatocytes	109	110	0.1128497454688322
Hepatocytes	110	111	0.1184197441471112
Hepatocytes	111	112	0.1200040426491704
Hepatocytes	112	113	0.1207149040044938
Hepatocytes	113	114	0.1224599412983118
Hepatocytes	114	115	0.1225850839052998
Hepatocytes	115	116	0.1235651858657646
Hepatocytes	116	117	0.1271861195548407
Hepatocytes	117	118	0.1281763288614936
Hepatocytes	118	119	0.1285157643972603
Hepatocytes	119	120	0.1351053351121463
Hepatocytes	120	121	0.1359007688848886
Hepatocytes	121	122	0.1361242208291425
Hepatocytes	122	123	0.1438480283027802
Hepatocytes	123	124	0.1532192223846863
Hepatocytes	124	125	0.1536830699275207
Hepatocytes	125	126	0.154506013451436
Hepatocytes	126	127	0.156338091029077
Hepatocytes	127	128	0.1600320414509207
Hepatocytes	128	129	0.1723536992799868
Hepatocytes	129	130	0.1758221383409915
Hepatocytes	130	131	0.178717000739726
Hepatocytes	131	132	0.1799390572817477
Hepatocytes	132	133	0.1955837144907577
Hepatocytes	133	134	0.1962041692103854
Hepatocytes	134	135	0.1966885693069672
Hepatocytes	135	136	0.2046614317705658
Hepatocytes	136	137	0.2070110644026644
Hepatocytes	137	138	0.2094181600063014
Hepatocytes	138	139	0.21883053540914
Hepatocytes	139	140	0.2248934174647388
Hepatocytes	140	141	0.2400020543207521
Hepatocytes	141	142	0.2482435863827916
Hepatocytes	142	143	0.2543015305964303
Hepatocytes	143	144	0.2726638715674
Hepatocytes	144	145	0.2823439511840321
Hepatocytes	145	146	0.2849583674840807
Hepatocytes	146	147	0.3007301822963862
Hepatocytes	147	148	0.3116633758121794
Hepatocytes	148	149	0.3211176593465578
Hepatocytes	149	150	0.3221275089789934
Hepatocytes	150	151	0.3570092140080138
Hepatocytes	151	152	0.379754293864305
Hepatocytes	152	153	0.3955821840309495
Hepatocytes	153	154	0.3965094698439083
Hepatocytes	154	155	0.4016107695890416
Hepatocytes	155	156	0.4193948288401254
Hepatocytes	156	157	0.4207502854704847
Hepatocytes	157	158	0.4756085138349633
Hepatocytes	158	159	0.4843322019632066
Hepatocytes	159	160	0.580003647679819
Hepatocytes	160	161	0.5820997416753164
Hepatocytes	161	162	0.595110866260478
Hepatocytes	162	163	0.6107916064177552
Hepatocytes	163	164	0.7036507693419151
Hepatocytes	164	165	0.8171239950558666
Hepatocytes	165	166	1.016417024341686
Hepatocytes	166	167	1.1535400013567485
Hepatocytes	167	168	-0.7906481127029839
Hepatocytes	168	169	-0.697961593557698
Hepatocytes	169	170	-0.6595973449989402
Hepatocytes	170	171	-0.6060909472985031
Hepatocytes	171	172	-0.5227529252938786
Hepatocytes	172	173	-0.4752931915407378
Hepatocytes	173	174	-0.4489807013886925
Hepatocytes	174	175	-0.4309983899727591
Hepatocytes	175	176	-0.4026721699973565
Hepatocytes	176	177	-0.3780175359675378
Hepatocytes	177	178	-0.3541085235896477
Hepatocytes	178	179	-0.3172221320377546
Hepatocytes	179	180	-0.3075299190112131
Hepatocytes	180	181	-0.3071887945343046
Hepatocytes	181	182	-0.3019045262407367
Hepatocytes	182	183	-0.3006801053228273
Hepatocytes	183	184	-0.3003122387472719
Hepatocytes	184	185	-0.2967123490004113
Hepatocytes	185	186	-0.2966161983810232
Hepatocytes	186	187	-0.2918517417027843
Hepatocytes	187	188	-0.2890992770136357
Hepatocytes	188	189	-0.2854887230018448
Hepatocytes	189	190	-0.2849375523486553
Hepatocytes	190	191	-0.2700352671076087
Hepatocytes	191	192	-0.2686080901510543
Hepatocytes	192	193	-0.2610679422884696
Hepatocytes	193	194	-0.2445680425504204
Hepatocytes	194	195	-0.2425357385989041
Hepatocytes	195	196	-0.2293806360598287
Hepatocytes	196	197	-0.2284026116853457
Hepatocytes	197	198	-0.2259925587868128
Hepatocytes	198	199	-0.2075902049613611
Hepatocytes	199	200	-0.206899120158357
Hepatocytes	200	201	-0.201059028402416
Hepatocytes	201	202	-0.1974192260750054
Hepatocytes	202	203	-0.1973415121888254
Hepatocytes	203	204	-0.1960420786696437
Hepatocytes	204	205	-0.1957341618578179
Hepatocytes	205	206	-0.1955869448692306
Hepatocytes	206	207	-0.1954661368445096
Hepatocytes	207	208	-0.1921175515070101
Hepatocytes	208	209	-0.190242221319184
Hepatocytes	209	210	-0.1885205867888833
Hepatocytes	210	211	-0.1862609648229582
Hepatocytes	211	212	-0.1857394022334879
Hepatocytes	212	213	-0.1852965849204715
Hepatocytes	213	214	-0.1847904979681192
Hepatocytes	214	215	-0.1831151996416536
Hepatocytes	215	216	-0.1782829254786131
Hepatocytes	216	217	-0.1770107146104171
Hepatocytes	217	218	-0.1765660906311342
Hepatocytes	218	219	-0.1750298525332648
Hepatocytes	219	220	-0.1745485015018696
Hepatocytes	220	221	-0.1705164847764013
Hepatocytes	221	222	-0.1704279802213222
Hepatocytes	222	223	-0.1695263162570728
Hepatocytes	223	224	-0.1686760396633933
Hepatocytes	224	225	-0.1661246254885473
Hepatocytes	225	226	-0.1637205173269882
Hepatocytes	226	227	-0.1633054155974908
Hepatocytes	227	228	-0.1592450376773433
Hepatocytes	228	229	-0.1568597418003484
Hepatocytes	229	230	-0.1562678751985416
Hepatocytes	230	231	-0.1542585324578239
Hepatocytes	231	232	-0.1542406818880263
Hepatocytes	232	233	-0.1529328839964186
Hepatocytes	233	234	-0.1523296480352037
Hepatocytes	234	235	-0.1520407193067827
Hepatocytes	235	236	-0.1440812645865472
Hepatocytes	236	237	-0.1435911125548152
Hepatocytes	237	238	-0.1425995915094904
Hepatocytes	238	239	-0.1423798848127294
Hepatocytes	239	240	-0.1378023831291545
Hepatocytes	240	241	-0.1365905570586122
Hepatocytes	241	242	-0.1338628497610766
Hepatocytes	242	243	-0.1274725112123383
Hepatocytes	243	244	-0.1233110230993534
Hepatocytes	244	245	-0.1228243558972442
Hepatocytes	245	246	-0.118511099823658
Hepatocytes	246	247	-0.1173460171615324
Hepatocytes	247	248	-0.1165380654310197
Hepatocytes	248	249	-0.1149550595866137
Hepatocytes	249	250	-0.1127351077130946
Hepatocytes	250	251	-0.1020924742167228
Hepatocytes	251	252	-0.1014529491836144
Hepatocytes	252	253	-0.10020212328568
Hepatocytes	253	254	-0.0708394565679297
Hepatocytes	254	255	0.0863833520406112
Hepatocytes	255	256	0.0925168474335111
Hepatocytes	256	257	0.0972407145266783
Hepatocytes	257	258	0.0996878351597128
Hepatocytes	258	259	0.10597203253217
Hepatocytes	259	260	0.1179843259346911
Hepatocytes	260	261	0.1191192152072034
Hepatocytes	261	262	0.1210308436328447
Hepatocytes	262	263	0.1236147054471058
Hepatocytes	263	264	0.1276854621049445
Hepatocytes	264	265	0.1290552104368523
Hepatocytes	265	266	0.1337761381887004
Hepatocytes	266	267	0.1348740983953705
Hepatocytes	267	268	0.1371207830809848
Hepatocytes	268	269	0.1381718837698334
Hepatocytes	269	270	0.1408477749791532
Hepatocytes	270	271	0.1415460724678039
Hepatocytes	271	272	0.1423488498726594
Hepatocytes	272	273	0.1434151192848091
Hepatocytes	273	274	0.143889207771255
Hepatocytes	274	275	0.1449704611978264
Hepatocytes	275	276	0.1570573436202673
Hepatocytes	276	277	0.1594111412887469
Hepatocytes	277	278	0.1601251487889427
Hepatocytes	278	279	0.1624588933310514
Hepatocytes	279	280	0.1640439471010784
Hepatocytes	280	281	0.1690655762963844
Hepatocytes	281	282	0.1733002004505918
Hepatocytes	282	283	0.1756340625896124
Hepatocytes	283	284	0.1793381051475126
Hepatocytes	284	285	0.1808241789148992
Hepatocytes	285	286	0.1860293636401938
Hepatocytes	286	287	0.1914999740234617
Hepatocytes	287	288	0.1935609665494081
Hepatocytes	288	289	0.1972288851668912
Hepatocytes	289	290	0.1982137560230897
Hepatocytes	290	291	0.200550087528908
Hepatocytes	291	292	0.2010315961024972
Hepatocytes	292	293	0.2043999096816275
Hepatocytes	293	294	0.2193982842593661
Hepatocytes	294	295	0.2231510315305219
Hepatocytes	295	296	0.2249343032818176
Hepatocytes	296	297	0.2353440851223731
Hepatocytes	297	298	0.2433103533723834
Hepatocytes	298	299	0.2450569193426676
Hepatocytes	299	300	0.2457239249553755
Hepatocytes	300	301	0.2512374918962495
Hepatocytes	301	302	0.2521270611528696
Hepatocytes	302	303	0.2635104800822201
Hepatocytes	303	304	0.2668798816279745
Hepatocytes	304	305	0.272180155329729
Hepatocytes	305	306	0.280367363250122
Hepatocytes	306	307	0.2831336159453868
Hepatocytes	307	308	0.2832479226527714
Hepatocytes	308	309	0.2903963340023694
Hepatocytes	309	310	0.2910944855178358
Hepatocytes	310	311	0.2969681669037352
Hepatocytes	311	312	0.2987050137953566
Hepatocytes	312	313	0.2987967286356133
Hepatocytes	313	314	0.3000749209954559
Hepatocytes	314	315	0.3128007230730497
Hepatocytes	315	316	0.3165378822081415
Hepatocytes	316	317	0.3167592393853353
Hepatocytes	317	318	0.3183559912802096
Hepatocytes	318	319	0.3350416733079205
Hepatocytes	319	320	0.339852048406126
Hepatocytes	320	321	0.3487615894200028
Hepatocytes	321	322	0.3698482559162356
Hepatocytes	322	323	0.3825904640782775
Hepatocytes	323	324	0.3940972586720406
Hepatocytes	324	325	0.4003879487247481
Hepatocytes	325	326	0.4196922984645601
Hepatocytes	326	327	0.4258142142724935
Hepatocytes	327	328	0.4871511830972069
Hepatocytes	328	329	0.5081632060200332
Hepatocytes	329	330	0.544276031909226
Hepatocytes	330	331	0.5514139713546446
Hepatocytes	331	332	0.5769311722925791
Hepatocytes	332	333	0.5841857561585214
Hepatocytes	333	334	0.6035335469664089
Hepatocytes	334	335	0.6239812383550115
Hepatocytes	335	336	0.6860780856496155
Hepatocytes	336	337	0.99664852467783
Hepatocytes	337	338	1.0994313460347132
Hepatocytes	338	339	1.1138188613083553
Hepatocytes	339	340	1.3155329327250824
Hepatocytes	340	341	1.8087403932208133
Hepatocytes	341	342	2.4425066640827158
Hepatocytes	342	343	4.225222502986974
VisceralAdipocytes	0	1	-1.1593077235910252
VisceralAdipocytes	1	2	-1.0555189191460332
VisceralAdipocytes	2	3	-1.0256028244144204
VisceralAdipocytes	3	4	-0.9129553547351908
VisceralAdipocytes	4	5	-0.8469605897505533
VisceralAdipocytes	5	6	-0.8018264467251083
VisceralAdipocytes	6	7	-0.7896274695976375
VisceralAdipocytes	7	8	-0.7763419520883612
VisceralAdipocytes	8	9	-0.7513647080512993
VisceralAdipocytes	9	10	-0.7344422566176118
VisceralAdipocytes	10	11	-0.7210049177211411
VisceralAdipocytes	11	12	-0.7129676118963686
VisceralAdipocytes	12	13	-0.6902403938308553
VisceralAdipocytes	13	14	-0.6714991810227527
VisceralAdipocytes	14	15	-0.6576992503342343
VisceralAdipocytes	15	16	-0.6458756847418338
VisceralAdipocytes	16	17	-0.6120139333379779
VisceralAdipocytes	17	18	-0.5974027573950862
VisceralAdipocytes	18	19	-0.5967132664086661
VisceralAdipocytes	19	20	-0.590828324858613
VisceralAdipocytes	20	21	-0.5855227753127449
VisceralAdipocytes	21	22	-0.5823939787324777
VisceralAdipocytes	22	23	-0.5772615794358665
VisceralAdipocytes	23	24	-0.5689211545911168
VisceralAdipocytes	24	25	-0.5681833062995008
VisceralAdipocytes	25	26	-0.567797916772418
VisceralAdipocytes	26	27	-0.5538999491682332
VisceralAdipocytes	27	28	-0.550201751565116
VisceralAdipocytes	28	29	-0.5492242636329051
VisceralAdipocytes	29	30	-0.545900808042498
VisceralAdipocytes	30	31	-0.5361611575863455
VisceralAdipocytes	31	32	-0.5331944642112257
VisceralAdipocytes	32	33	-0.5173855570259858
VisceralAdipocytes	33	34	-0.5147685164110433
VisceralAdipocytes	34	35	-0.5115364570548135
VisceralAdipocytes	35	36	-0.5084384339670118
VisceralAdipocytes	36	37	-0.5054192275551601
VisceralAdipocytes	37	38	-0.5036895708884171
VisceralAdipocytes	38	39	-0.5029134256232441
VisceralAdipocytes	39	40	-0.4940991517778801
VisceralAdipocytes	40	41	-0.4853000055370524
VisceralAdipocytes	41	42	-0.4718346577443931
VisceralAdipocytes	42	43	-0.4645085527026202
VisceralAdipocytes	43	44	-0.4631628730629396
VisceralAdipocytes	44	45	-0.4595076976558252
VisceralAdipocytes	45	46	-0.4565362863827353
VisceralAdipocytes	46	47	-0.4553405568871665
VisceralAdipocytes	47	48	-0.4464593878660094
VisceralAdipocytes	48	49	-0.4361729183385961
VisceralAdipocytes	49	50	-0.4209280751215106
VisceralAdipocytes	50	51	-0.4208562943747008
VisceralAdipocytes	51	52	-0.4103545354829531
VisceralAdipocytes	52	53	-0.4038785309022383
VisceralAdipocytes	53	54	-0.3915178233704265
VisceralAdipocytes	54	55	-0.3911649808558983
VisceralAdipocytes	55	56	-0.3885366682434877
VisceralAdipocytes	56	57	-0.3849835543312676
VisceralAdipocytes	57	58	-0.3844717892291067
VisceralAdipocytes	58	59	-0.3809827722597498
VisceralAdipocytes	59	60	-0.3789240886175691
VisceralAdipocytes	60	61	-0.378799688357355
VisceralAdipocytes	61	62	-0.3786779976047495
VisceralAdipocytes	62	63	-0.3711812846553718
VisceralAdipocytes	63	64	-0.3697462253735296
VisceralAdipocytes	64	65	-0.3688919706605669
VisceralAdipocytes	65	66	-0.3651168050278808
VisceralAdipocytes	66	67	-0.3641114597859352
VisceralAdipocytes	67	68	-0.3631359538823228
VisceralAdipocytes	68	69	-0.3615872065604132
VisceralAdipocytes	69	70	-0.3601069526583935
VisceralAdipocytes	70	71	-0.3598833021271285
VisceralAdipocytes	71	72	-0.3583529288466419
VisceralAdipocytes	72	73	-0.3583438935916818
VisceralAdipocytes	73	74	-0.3532839090191237
VisceralAdipocytes	74	75	-0.3466156498896342
VisceralAdipocytes	75	76	-0.3432320815677728
VisceralAdipocytes	76	77	-0.3391794427236362
VisceralAdipocytes	77	78	-0.3361941565069706
VisceralAdipocytes	78	79	-0.335691112118588
VisceralAdipocytes	79	80	-0.3337573569634238
VisceralAdipocytes	80	81	-0.3302354175496665
VisceralAdipocytes	81	82	-0.3273282481496073
VisceralAdipocytes	82	83	-0.3243488697308563
VisceralAdipocytes	83	84	-0.3241475524488094
VisceralAdipocytes	84	85	-0.3208054299644666
VisceralAdipocytes	85	86	-0.3174800651201967
VisceralAdipocytes	86	87	-0.3147873226763
VisceralAdipocytes	87	88	-0.3131635066989525
VisceralAdipocytes	88	89	-0.3127783931940635
VisceralAdipocytes	89	90	-0.3116916515278913
VisceralAdipocytes	90	91	-0.310451013809817
VisceralAdipocytes	91	92	-0.3102237293104622
VisceralAdipocytes	92	93	-0.3098152037305767
VisceralAdipocytes	93	94	-0.3091687802962283
VisceralAdipocytes	94	95	-0.3074459900330834
VisceralAdipocytes	95	96	-0.3058866599529306
VisceralAdipocytes	96	97	-0.3020253408661871
VisceralAdipocytes	97	98	-0.300629992332067
VisceralAdipocytes	98	99	-0.3001691224944302
VisceralAdipocytes	99	100	-0.2983366715742782
VisceralAdipocytes	100	101	-0.2939268646085529
VisceralAdipocytes	101	102	-0.293303001618735
VisceralAdipocytes	102	103	-0.2909250718802808
VisceralAdipocytes	103	104	-0.290372608632435
VisceralAdipocytes	104	105	-0.2903281242316259
VisceralAdipocytes	105	106	-0.2891809768252247
VisceralAdipocytes	106	107	-0.2851521625746918
VisceralAdipocytes	107	108	-0.2848063419704886
VisceralAdipocytes	108	109	-0.2845678115702462
VisceralAdipocytes	109	110	-0.2830630319521772
VisceralAdipocytes	110	111	-0.2830463301932517
VisceralAdipocytes	111	112	-0.2828479609256856
VisceralAdipocytes	112	113	-0.2822616601126868
VisceralAdipocytes	113	114	-0.2819452758077597
VisceralAdipocytes	114	115	-0.2815241095300391
VisceralAdipocytes	115	116	-0.281320986289207
VisceralAdipocytes	116	117	-0.2801390941988759
VisceralAdipocytes	117	118	-0.2783941654464597
VisceralAdipocytes	118	119	-0.2781235026732966
VisceralAdipocytes	119	120	-0.2737325522684394
VisceralAdipocytes	120	121	-0.2703743763015115
VisceralAdipocytes	121	122	-0.2682747206892326
VisceralAdipocytes	122	123	-0.2609154985408959
VisceralAdipocytes	123	124	-0.2605297301657505
VisceralAdipocytes	124	125	-0.2599926764228095
VisceralAdipocytes	125	126	-0.257033848090611
VisceralAdipocytes	126	127	-0.2559356624718777
VisceralAdipocytes	127	128	-0.2488130833728876
VisceralAdipocytes	128	129	-0.2477692221391942
VisceralAdipocytes	129	130	-0.2445857562809184
VisceralAdipocytes	130	131	-0.2389283907045913
VisceralAdipocytes	131	132	-0.2372307751449315
VisceralAdipocytes	132	133	-0.2362273693803384
VisceralAdipocytes	133	134	-0.2358921682958047
VisceralAdipocytes	134	135	-0.2321400280811903
VisceralAdipocytes	135	136	-0.2297452551477131
VisceralAdipocytes	136	137	-0.2275735589739803
VisceralAdipocytes	137	138	-0.225577185263986
VisceralAdipocytes	138	139	-0.2242696017220051
VisceralAdipocytes	139	140	-0.2234307474175664
VisceralAdipocytes	140	141	-0.2169388063693963
VisceralAdipocytes	141	142	-0.2128005906628149
VisceralAdipocytes	142	143	-0.21161011921654
VisceralAdipocytes	143	144	-0.2113802250611794
VisceralAdipocytes	144	145	-0.2039081770766792
VisceralAdipocytes	145	146	-0.2033507866590834
VisceralAdipocytes	146	147	-0.2033011253437161
VisceralAdipocytes	147	148	-0.198483620217308
VisceralAdipocytes	148	149	-0.1959477934248125
VisceralAdipocytes	149	150	-0.1950848060838492
VisceralAdipocytes	150	151	-0.1903095620073296
VisceralAdipocytes	151	152	-0.1887219464408679
VisceralAdipocytes	152	153	-0.1837147113261752
VisceralAdipocytes	153	154	-0.1808073213888856
VisceralAdipocytes	154	155	-0.1585429728246326
VisceralAdipocytes	155	156	-0.1510406851140345
VisceralAdipocytes	156	157	-0.1336289233807779
VisceralAdipocytes	157	158	-0.1286447174983468
VisceralAdipocytes	158	159	-0.1222451870862719
VisceralAdipocytes	159	160	0.1535210872652536
VisceralAdipocytes	160	161	0.1825506063728411
VisceralAdipocytes	161	162	0.1883362519371341
VisceralAdipocytes	162	163	0.2924285611472183
VisceralAdipocytes	163	164	0.3011825572401942
VisceralAdipocytes	164	165	0.395493088554012
VisceralAdipocytes	165	166	0.4127709724764876
VisceralAdipocytes	166	167	0.5521395469796307
VisceralAdipocytes	167	168	0.6187741226472909
VisceralAdipocytes	168	169	0.696226340942525
VisceralAdipocytes	169	170	0.7043180604575301
VisceralAdipocytes	170	171	0.8526435597311659
VisceralAdipocytes	171	172	1.1134224140886435
VisceralAdipocytes	172	173	1.2296699023092283
VisceralAdipocytes	173	174	2.9505803714148158
VisceralAdipocytes	174	175	-1.3488736542742483
VisceralAdipocytes	175	176	-1.049075002563811
VisceralAdipocytes	176	177	-0.837502681083386
VisceralAdipocytes	177	178	-0.811662280010226
VisceralAdipocytes	178	179	-0.7796003098887884
VisceralAdipocytes	179	180	-0.7669384406897466
VisceralAdipocytes	180	181	-0.6881261498012643
VisceralAdipocytes	181	182	-0.6172931983058084
VisceralAdipocytes	182	183	-0.5943591525819582
VisceralAdipocytes	183	184	-0.5652897037259379
VisceralAdipocytes	184	185	-0.5451103703731176
VisceralAdipocytes	185	186	-0.5325269718180325
VisceralAdipocytes	186	187	-0.5234261909647365
VisceralAdipocytes	187	188	-0.5053821066194497
VisceralAdipocytes	188	189	-0.4930344488111109
VisceralAdipocytes	189	190	-0.4926134030900139
VisceralAdipocytes	190	191	-0.4894579845946115
VisceralAdipocytes	191	192	-0.4874401889213651
VisceralAdipocytes	192	193	-0.4690296679617877
VisceralAdipocytes	193	194	-0.4670257364913007
VisceralAdipocytes	194	195	-0.4652145404377359
VisceralAdipocytes	195	196	-0.4396739567579518
VisceralAdipocytes	196	197	-0.4315569457603397
VisceralAdipocytes	197	198	-0.425973124702842
VisceralAdipocytes	198	199	-0.4245380828996754
VisceralAdipocytes	199	200	-0.4198145402075016
VisceralAdipocytes	200	201	-0.4167380588910554
VisceralAdipocytes	201	202	-0.4143295465605553
VisceralAdipocytes	202	203	-0.4080381590681395
VisceralAdipocytes	203	204	-0.4009210277123952
VisceralAdipocytes	204	205	-0.3909401498933266
VisceralAdipocytes	205	206	-0.3839519892072666
VisceralAdipocytes	206	207	-0.3809265913531245
VisceralAdipocytes	207	208	-0.3696728187629013
VisceralAdipocytes	208	209	-0.365284195146366
VisceralAdipocytes	209	210	-0.3624902750823343
VisceralAdipocytes	210	211	-0.3569937015712214
VisceralAdipocytes	211	212	-0.3522308808215575
VisceralAdipocytes	212	213	-0.3466609280404403
VisceralAdipocytes	213	214	-0.3408028537664159
VisceralAdipocytes	214	215	-0.3389640508451902
VisceralAdipocytes	215	216	-0.337399052308242
VisceralAdipocytes	216	217	-0.3296930776617496
VisceralAdipocytes	217	218	-0.3221202244536333
VisceralAdipocytes	218	219	-0.311394337503061
VisceralAdipocytes	219	220	-0.3079003210370076
VisceralAdipocytes	220	221	-0.3044143876910991
VisceralAdipocytes	221	222	-0.2980649724994925
VisceralAdipocytes	222	223	-0.2892031434085222
VisceralAdipocytes	223	224	-0.2885445487841764
VisceralAdipocytes	224	225	-0.2841825092580265
VisceralAdipocytes	225	226	-0.2720501322231952
VisceralAdipocytes	226	227	-0.2681825201832439
VisceralAdipocytes	227	228	-0.2634825860642948
VisceralAdipocytes	228	229	-0.2357966893559504
VisceralAdipocytes	229	230	-0.2237811908784227
VisceralAdipocytes	230	231	-0.2213937508848266
VisceralAdipocytes	231	232	-0.2199227200535282
VisceralAdipocytes	232	233	-0.2135380841746788
VisceralAdipocytes	233	234	-0.2103019233582001
VisceralAdipocytes	234	235	-0.1971730812429402
VisceralAdipocytes	235	236	-0.1955984273706547
VisceralAdipocytes	236	237	-0.1923585549655368
VisceralAdipocytes	237	238	-0.1573611337389745
VisceralAdipocytes	238	239	-0.1446436184816023
VisceralAdipocytes	239	240	0.344777093213547
VisceralAdipocytes	240	241	0.5096422165785767
VisceralAdipocytes	241	242	0.5898911376335777
SubcutaneousAdipocytes	0	1	-1.5064649863754924
SubcutaneousAdipocytes	1	2	-1.4027394756100913
SubcutaneousAdipocytes	2	3	-0.7908525682052692
SubcutaneousAdipocytes	3	4	-0.7677120447628263
SubcutaneousAdipocytes	4	5	-0.7432478460845637
SubcutaneousAdipocytes	5	6	-0.7269797652158799
SubcutaneousAdipocytes	6	7	-0.689352829011718
SubcutaneousAdipocytes	7	8	-0.6893123374744056
SubcutaneousAdipocytes	8	9	-0.6590147678911737
SubcutaneousAdipocytes	9	10	-0.6462414764130573
SubcutaneousAdipocytes	10	11	-0.6158027319923155
SubcutaneousAdipocytes	11	12	-0.5914956034786732
SubcutaneousAdipocytes	12	13	-0.5884710143616652
SubcutaneousAdipocytes	13	14	-0.5804156695910859
SubcutaneousAdipocytes	14	15	-0.5768628172516307
SubcutaneousAdipocytes	15	16	-0.5724898661196647
SubcutaneousAdipocytes	16	17	-0.5722694835742104
SubcutaneousAdipocytes	17	18	-0.5643093853078966
SubcutaneousAdipocytes	18	19	-0.561920578004738
SubcutaneousAdipocytes	19	20	-0.5564308396533739
SubcutaneousAdipocytes	20	21	-0.54120152445061
SubcutaneousAdipocytes	21	22	-0.5270819816426561
SubcutaneousAdipocytes	22	23	-0.5270418142958304
SubcutaneousAdipocytes	23	24	-0.5213544166578996
SubcutaneousAdipocytes	24	25	-0.5001153162349019
SubcutaneousAdipocytes	25	26	-0.4909818615261344
SubcutaneousAdipocytes	26	27	-0.4805813225029358
SubcutaneousAdipocytes	27	28	-0.477430007261813
SubcutaneousAdipocytes	28	29	-0.4763622843448157
SubcutaneousAdipocytes	29	30	-0.4539710535491959
SubcutaneousAdipocytes	30	31	-0.4536768292450192
SubcutaneousAdipocytes	31	32	-0.4530547380624718
SubcutaneousAdipocytes	32	33	-0.4467015489412403
SubcutaneousAdipocytes	33	34	-0.4438289831978659
SubcutaneousAdipocytes	34	35	-0.4437781371528088
SubcutaneousAdipocytes	35	36	-0.442436693790867
SubcutaneousAdipocytes	36	37	-0.4364617956540598
SubcutaneousAdipocytes	37	38	-0.432134437177766
SubcutaneousAdipocytes	38	39	-0.4270197513956755
SubcutaneousAdipocytes	39	40	-0.4198572075902136
SubcutaneousAdipocytes	40	41	-0.418103627573838
SubcutaneousAdipocytes	41	42	-0.4043123976464585
SubcutaneousAdipocytes	42	43	-0.3956950233944666
SubcutaneousAdipocytes	43	44	-0.3951480489121704
SubcutaneousAdipocytes	44	45	-0.3924067315469816
SubcutaneousAdipocytes	45	46	-0.3802435019894283
SubcutaneousAdipocytes	46	47	-0.3733073146390111
SubcutaneousAdipocytes	47	48	-0.3729921732627236
SubcutaneousAdipocytes	48	49	-0.3702156153956182
SubcutaneousAdipocytes	49	50	-0.3687808712815026
SubcutaneousAdipocytes	50	51	-0.3681615837509404
SubcutaneousAdipocytes	51	52	-0.3666387304106256
SubcutaneousAdipocytes	52	53	-0.3662235009738424
SubcutaneousAdipocytes	53	54	-0.3601560368090691
SubcutaneousAdipocytes	54	55	-0.3571512853184873
SubcutaneousAdipocytes	55	56	-0.3550501539583962
SubcutaneousAdipocytes	56	57	-0.354233634131594
SubcutaneousAdipocytes	57	58	-0.3472716097935532
SubcutaneousAdipocytes	58	59	-0.3366218628994044
SubcutaneousAdipocytes	59	60	-0.3150650746183577
SubcutaneousAdipocytes	60	61	-0.3136794152505755
SubcutaneousAdipocytes	61	62	-0.3126053707298197
SubcutaneousAdipocytes	62	63	-0.3114637923104638
SubcutaneousAdipocytes	63	64	-0.3094109869963432
SubcutaneousAdipocytes	64	65	-0.3039009478053229
SubcutaneousAdipocytes	65	66	-0.3025767274194929
SubcutaneousAdipocytes	66	67	-0.2985553966062358
SubcutaneousAdipocytes	67	68	-0.2983207306772434
SubcutaneousAdipocytes	68	69	-0.2979115255762656
SubcutaneousAdipocytes	69	70	-0.2955153364154277
SubcutaneousAdipocytes	70	71	-0.2945048789592906
SubcutaneousAdipocytes	71	72	-0.2922193642709831
SubcutaneousAdipocytes	72	73	-0.2917288423215338
SubcutaneousAdipocytes	73	74	-0.2909798573597688
SubcutaneousAdipocytes	74	75	-0.2873989092895725
SubcutaneousAdipocytes	75	76	-0.2872472041144132
SubcutaneousAdipocytes	76	77	-0.2859666316683125
SubcutaneousAdipocytes	77	78	-0.2851443885291488
SubcutaneousAdipocytes	78	79	-0.2847977250142313
SubcutaneousAdipocytes	79	80	-0.2835419048975204
SubcutaneousAdipocytes	80	81	-0.2780728165304749
SubcutaneousAdipocytes	81	82	-0.2776915077607672
SubcutaneousAdipocytes	82	83	-0.274122545451943
SubcutaneousAdipocytes	83	84	-0.266773011816222
SubcutaneousAdipocytes	84	85	-0.2666315630822959
SubcutaneousAdipocytes	85	86	-0.2610053493777848
SubcutaneousAdipocytes	86	87	-0.258349537550663
SubcutaneousAdipocytes	87	88	-0.2541244154165019
SubcutaneousAdipocytes	88	89	-0.2538797116642672
SubcutaneousAdipocytes	89	90	-0.2430362211069695
SubcutaneousAdipocytes	90	91	-0.235454524301352
SubcutaneousAdipocytes	91	92	-0.2277549812651809
SubcutaneousAdipocytes	92	93	-0.2269222550565255
SubcutaneousAdipocytes	93	94	-0.2240009130785175
SubcutaneousAdipocytes	94	95	-0.2218516650915183
SubcutaneousAdipocytes	95	96	-0.221139908293053
SubcutaneousAdipocytes	96	97	-0.2169799732850638
SubcutaneousAdipocytes	97	98	-0.2162065994113376
SubcutaneousAdipocytes	98	99	-0.2120786859540734
SubcutaneousAdipocytes	99	100	-0.2119796302691565
SubcutaneousAdipocytes	100	101	-0.2010947924858233
SubcutaneousAdipocytes	101	102	-0.200798943534805
SubcutaneousAdipocytes	102	103	-0.1987924393689621
SubcutaneousAdipocytes	103	104	-0.196757837636521
SubcutaneousAdipocytes	104	105	-0.1925937099654295
SubcutaneousAdipocytes	105	106	-0.1843722519807782
SubcutaneousAdipocytes	106	107	-0.1813864341788073
SubcutaneousAdipocytes	107	108	-0.1705002116031828
SubcutaneousAdipocytes	108	109	-0.1680296242709627
SubcutaneousAdipocytes	109	110	-0.166628771781515
SubcutaneousAdipocytes	110	111	-0.1594350640937284
SubcutaneousAdipocytes	111	112	-0.15166224393611
SubcutaneousAdipocytes	112	113	-0.1494889255691231
SubcutaneousAdipocytes	113	114	0.1674412533057504
SubcutaneousAdipocytes	114	115	0.2332457759122264
SubcutaneousAdipocytes	115	116	0.2716957931060703
SubcutaneousAdipocytes	116	117	0.3526912766058365
SubcutaneousAdipocytes	117	118	0.3889034102292297
SubcutaneousAdipocytes	118	119	0.4521111416537436
SubcutaneousAdipocytes	119	120	0.5976958950643254
SubcutaneousAdipocytes	120	121	0.6015925080697844
SubcutaneousAdipocytes	121	122	0.6596404873648669
SubcutaneousAdipocytes	122	123	0.7157060278218924
SubcutaneousAdipocytes	123	124	0.757461416263963
SubcutaneousAdipocytes	124	125	0.8142076897858732
SubcutaneousAdipocytes	125	126	1.0327335193466365
SubcutaneousAdipocytes	126	127	1.220582993401056
SubcutaneousAdipocytes	127	128	1.5383710626483411
SubcutaneousAdipocytes	128	129	3.035395863861032
SubcutaneousAdipocytes	129	130	-0.9070871027633156
SubcutaneousAdipocytes	130	131	-0.9057846669151411
SubcutaneousAdipocytes	131	132	-0.7385671483652788
SubcutaneousAdipocytes	132	133	-0.7334792660204308
SubcutaneousAdipocytes	133	134	-0.6343010523368813
SubcutaneousAdipocytes	134	135	-0.5925521113604931
SubcutaneousAdipocytes	135	136	-0.5925160699090871
SubcutaneousAdipocytes	136	137	-0.5693396771546938
SubcutaneousAdipocytes	137	138	-0.5576178816601728
SubcutaneousAdipocytes	138	139	-0.5200283809605111
SubcutaneousAdipocytes	139	140	-0.5012247357959033
SubcutaneousAdipocytes	140	141	-0.4994430980656313
SubcutaneousAdipocytes	141	142	-0.4890403069490079
SubcutaneousAdipocytes	142	143	-0.4517334250063982
SubcutaneousAdipocytes	143	144	-0.4244271533001528
SubcutaneousAdipocytes	144	145	-0.3836605628532304
SubcutaneousAdipocytes	145	146	-0.3823775070090907
SubcutaneousAdipocytes	146	147	-0.3811525741595082
SubcutaneousAdipocytes	147	148	-0.3789818584294818
SubcutaneousAdipocytes	148	149	-0.373159902437207
SubcutaneousAdipocytes	149	150	-0.372639353956503
SubcutaneousAdipocytes	150	151	-0.3722656158366335
SubcutaneousAdipocytes	151	152	-0.3674622404083326
SubcutaneousAdipocytes	152	153	-0.3364619108204682
SubcutaneousAdipocytes	153	154	-0.3244623359945908
SubcutaneousAdipocytes	154	155	-0.3203143553059703
SubcutaneousAdipocytes	155	156	-0.3121398211516666
SubcutaneousAdipocytes	156	157	-0.3099818615453077
SubcutaneousAdipocytes	157	158	-0.2967162196126471
SubcutaneousAdipocytes	158	159	-0.2808600163870997
SubcutaneousAdipocytes	159	160	-0.2644144721271047
SubcutaneousAdipocytes	160	161	-0.2512473238792958
SubcutaneousAdipocytes	161	162	-0.2280500274354336
SubcutaneousAdipocytes	162	163	-0.2197502353056177
SubcutaneousAdipocytes	163	164	-0.2141525402064303
SubcutaneousAdipocytes	164	165	-0.2093306865530414
SubcutaneousAdipocytes	165	166	-0.1997722937611573
SubcutaneousAdipocytes	166	167	-0.1806185858136727
SubcutaneousAdipocytes	167	168	0.2187487200107522
SubcutaneousAdipocytes	168	169	0.2215314156080841
SubcutaneousAdipocytes	169	170	0.6089631684836908
SubcutaneousAdipocytes	170	171	0.6345661589450334
SubcutaneousAdipocytes	171	172	0.9342309824406606
SubcutaneousAdipocytes	172	173	1.0034509533120026
SubcutaneousAdipocytes	173	174	1.0502998415823674
SubcutaneousAdipocytes	174	175	1.2107553472555146
