chr	START	END	COLOR
COVID	0	1	-1.78090728234284
COVID	1	2	-1.2629519551767086
COVID	2	3	-1.0745468644617109
COVID	3	4	-0.9387535288695148
COVID	4	5	-0.7444914054630142
COVID	5	6	-0.7355839423827742
COVID	6	7	-0.708458222241344
COVID	7	8	-0.640454108090669
COVID	8	9	-0.6090250306992381
COVID	9	10	-0.4845393853844076
COVID	10	11	-0.4751913386153726
COVID	11	12	-0.4612562259241777
COVID	12	13	-0.4270115349317605
COVID	13	14	-0.412975777580597
COVID	14	15	-0.3823898651117207
COVID	15	16	-0.3613521943969595
COVID	16	17	-0.313945245290943
COVID	17	18	-0.2858458667480606
COVID	18	19	-0.2827210384191614
COVID	19	20	-0.2582234099926195
COVID	20	21	-0.257407434591599
COVID	21	22	-0.2536938740283411
COVID	22	23	-0.2139165290828893
COVID	23	24	-0.2114806074245852
COVID	24	25	-0.1547359608355404
COVID	25	26	-0.1523894236336519
COVID	26	27	-0.1431068812281061
COVID	27	28	0.1418686548685322
COVID	28	29	0.1438540894414262
COVID	29	30	0.2342304248393727
COVID	30	31	0.2926722127317068
COVID	31	32	0.3117876863708613
COVID	32	33	0.3503852220157995
COVID	33	34	0.3997431385698463
COVID	34	35	0.5738168740861961
COVID	35	36	0.604693210020654
COVID	36	37	1.444710890452697
COVID	37	38	2.891860190127688
COVID	38	39	-1.2629519551767086
COVID	39	40	-1.0046925490085246
COVID	40	41	-0.961074012060112
COVID	41	42	-0.9387535288695148
COVID	42	43	-0.9092896136669252
COVID	43	44	-0.8925292897359001
COVID	44	45	-0.8527706497875234
COVID	45	46	-0.8486325735772783
COVID	46	47	-0.6750440212005986
COVID	47	48	-0.6750440212005986
COVID	48	49	-0.6750440212005986
COVID	49	50	-0.6750440212005986
COVID	50	51	-0.6750440212005986
COVID	51	52	-0.6750440212005986
COVID	52	53	-0.6660349758654392
COVID	53	54	-0.6660349758654392
COVID	54	55	-0.6660349758654392
COVID	55	56	-0.6288835913185904
COVID	56	57	-0.6244524583652158
COVID	57	58	-0.5805390876459207
COVID	58	59	-0.5749715515445593
COVID	59	60	-0.5545722734563188
COVID	60	61	-0.5404810524258472
COVID	61	62	-0.4751913386153726
COVID	62	63	-0.4751913386153726
COVID	63	64	-0.4751913386153726
COVID	64	65	-0.4751913386153726
COVID	65	66	-0.4751913386153726
COVID	66	67	-0.4751913386153726
COVID	67	68	-0.4751913386153726
COVID	68	69	-0.4713439875989492
COVID	69	70	-0.4612562259241777
COVID	70	71	-0.4612562259241777
COVID	71	72	-0.4612562259241777
COVID	72	73	-0.4400973485749979
COVID	73	74	-0.4372956587817657
COVID	74	75	-0.4261825638163052
COVID	75	76	-0.4199208112225319
COVID	76	77	-0.4073773678978355
COVID	77	78	-0.3912314537376939
COVID	78	79	-0.3912314537376939
COVID	79	80	-0.3865876516278921
COVID	80	81	-0.3854530671648996
COVID	81	82	-0.3814550391569206
COVID	82	83	-0.3786601684620179
COVID	83	84	-0.3747990410273937
COVID	84	85	-0.3698145491305282
COVID	85	86	-0.3431047942031784
COVID	86	87	-0.3412676731820888
COVID	87	88	-0.3398436957082419
COVID	88	89	-0.3339035724954016
COVID	89	90	-0.3047708048501418
COVID	90	91	-0.2898506956566599
COVID	91	92	-0.2797817689252864
COVID	92	93	-0.2713158269746951
COVID	93	94	-0.2694661354823937
COVID	94	95	-0.2503496168968443
COVID	95	96	-0.2412800605780495
COVID	96	97	-0.2365182678257852
COVID	97	98	-0.2085857486251556
COVID	98	99	-0.2048171436261078
COVID	99	100	-0.2013015244485038
COVID	100	101	-0.1966402250004384
COVID	101	102	-0.1924444334712345
COVID	102	103	-0.1915872861463515
COVID	103	104	-0.1847548742362898
COVID	104	105	-0.1764074878919154
COVID	105	106	-0.1711018274819085
COVID	106	107	-0.1607614375648571
COVID	107	108	-0.1601812973475843
COVID	108	109	-0.1397366244368521
COVID	109	110	-0.1202324301157609
COVID	110	111	-0.1197874219543899
COVID	111	112	-0.1155849771044632
COVID	112	113	-0.1077657033190177
COVID	113	114	0.0835433324746943
COVID	114	115	0.1025248547813949
COVID	115	116	0.1178389463213239
COVID	116	117	0.1216465173599304
COVID	117	118	0.1380928023577656
COVID	118	119	0.143530466208781
COVID	119	120	0.1689565351097903
COVID	120	121	0.179245638634809
COVID	121	122	0.1817832612290173
COVID	122	123	0.1934400650306031
COVID	123	124	0.2258559140766405
COVID	124	125	0.2299605580402264
COVID	125	126	0.2315059192384943
COVID	126	127	0.2383611971387526
COVID	127	128	0.2414432462742916
COVID	128	129	0.2474071270351909
COVID	129	130	0.2684140845392139
COVID	130	131	0.2707587236988313
COVID	131	132	0.2707587236988313
COVID	132	133	0.2752447801487583
COVID	133	134	0.2818905719234786
COVID	134	135	0.2883878106414072
COVID	135	136	0.2912454976924185
COVID	136	137	0.3037253883319923
COVID	137	138	0.3177977954034595
COVID	138	139	0.3198242877496626
COVID	139	140	0.3320625584129179
COVID	140	141	0.3555425201196723
COVID	141	142	0.3576478621263818
COVID	142	143	0.3603894691568541
COVID	143	144	0.3682772354786461
COVID	144	145	0.3690307269237907
COVID	145	146	0.3822635519747899
COVID	146	147	0.4352834658657661
COVID	147	148	0.4611555163671645
COVID	148	149	0.5260367395362683
COVID	149	150	0.6863227206224743
COVID	150	151	0.8193444458900322
Covid_HB	0	1	-0.6352261555073394
Covid_HB	1	2	-0.6010964595203369
Covid_HB	2	3	-0.4945804805436081
Covid_HB	3	4	-0.4831337256806717
Covid_HB	4	5	-0.4026636859050355
Covid_HB	5	6	-0.3367504771567992
Covid_HB	6	7	-0.3149054408883636
Covid_HB	7	8	-0.2995281881308207
Covid_HB	8	9	-0.2852148448588635
Covid_HB	9	10	-0.2588996168433655
Covid_HB	10	11	-0.1971393363227921
Covid_HB	11	12	-0.1969063472232767
Covid_HB	12	13	0.0902755115489772
Covid_HB	13	14	0.1787596354073542
Covid_HB	14	15	0.2015109661796931
Covid_HB	15	16	0.2025538138786629
Covid_HB	16	17	0.2136946225527481
Covid_HB	17	18	0.2171911170671751
Covid_HB	18	19	0.2174613219320154
Covid_HB	19	20	0.2184485777361726
Covid_HB	20	21	0.2225555490701875
Covid_HB	21	22	0.2255198786206178
Covid_HB	22	23	0.22834193667435
Covid_HB	23	24	0.2596712033853605
Covid_HB	24	25	0.2607301084825359
Covid_HB	25	26	0.2691699990523713
Covid_HB	26	27	0.2737947826410863
Covid_HB	27	28	0.2763351022351245
Covid_HB	28	29	0.2778606032334667
Covid_HB	29	30	0.2788948347901687
Covid_HB	30	31	0.2802467556454162
Covid_HB	31	32	0.3012630319825392
Covid_HB	32	33	0.3152852455205912
Covid_HB	33	34	0.3266158124794578
Covid_HB	34	35	0.333041747715562
Covid_HB	35	36	0.3358656516698661
Covid_HB	36	37	0.3374569883614805
Covid_HB	37	38	0.3445460656298446
Covid_HB	38	39	0.3635166708076993
Covid_HB	39	40	0.3697703129999306
Covid_HB	40	41	0.3792056557021036
Covid_HB	41	42	0.3905981947963146
Covid_HB	42	43	0.393993233597839
Covid_HB	43	44	0.397026370582916
Covid_HB	44	45	0.4071701337158341
Covid_HB	45	46	0.4117668209278631
Covid_HB	46	47	0.431410198412157
Covid_HB	47	48	0.4324237375981694
Covid_HB	48	49	0.4388200050058193
Covid_HB	49	50	0.4457869490825156
Covid_HB	50	51	0.4813706977380032
Covid_HB	51	52	0.4983277875685362
Covid_HB	52	53	0.5013038932015927
Covid_HB	53	54	0.50358213048056
Covid_HB	54	55	0.517130945137992
Covid_HB	55	56	0.522095054356219
Covid_HB	56	57	0.5445373254046029
Covid_HB	57	58	0.5639509610996992
Covid_HB	58	59	0.5650836379287499
Covid_HB	59	60	0.5664765315999342
Covid_HB	60	61	0.5675005926455423
Covid_HB	61	62	0.5695767206188601
Covid_HB	62	63	0.5749853691747577
Covid_HB	63	64	0.5823635502781578
Covid_HB	64	65	0.6013176987224581
Covid_HB	65	66	0.6086429491285792
Covid_HB	66	67	0.6329862363719235
Covid_HB	67	68	0.651640699950293
Covid_HB	68	69	0.664858903247672
Covid_HB	69	70	0.6775633838002565
Covid_HB	70	71	0.7182380155769252
Covid_HB	71	72	0.7267724122299847
Covid_HB	72	73	0.7639578484577569
Covid_HB	73	74	0.8200509687006484
Covid_HB	74	75	0.8667684750091954
Covid_HB	75	76	0.9314504686416528
Covid_HB	76	77	1.1657263552245205
Covid_HB	77	78	-1.4635229987660567
Covid_HB	78	79	-1.346715513215311
Covid_HB	79	80	-1.2596122660608684
Covid_HB	80	81	-1.199556617860266
Covid_HB	81	82	-1.1768279804657071
Covid_HB	82	83	-1.0890172635306568
Covid_HB	83	84	-1.0255146098167571
Covid_HB	84	85	-0.940030104591222
Covid_HB	85	86	-0.793263771758797
Covid_HB	86	87	-0.775334938484797
Covid_HB	87	88	-0.7217672251017996
Covid_HB	88	89	-0.6710995223145513
Covid_HB	89	90	-0.6596621803686586
Covid_HB	90	91	-0.6298378889852262
Covid_HB	91	92	-0.6244124401117809
Covid_HB	92	93	-0.6152348897308365
Covid_HB	93	94	-0.614438248642708
Covid_HB	94	95	-0.6023947443322389
Covid_HB	95	96	-0.5957581745942108
Covid_HB	96	97	-0.589864751643292
Covid_HB	97	98	-0.5869209984685821
Covid_HB	98	99	-0.5817027729526117
Covid_HB	99	100	-0.5777472119414175
Covid_HB	100	101	-0.5632534736027748
Covid_HB	101	102	-0.5345895987448334
Covid_HB	102	103	-0.5335529358602935
Covid_HB	103	104	-0.5263623744806303
Covid_HB	104	105	-0.5081311637409444
Covid_HB	105	106	-0.5064839376224217
Covid_HB	106	107	-0.4962837477464483
Covid_HB	107	108	-0.4940612873004658
Covid_HB	108	109	-0.4786951181619562
Covid_HB	109	110	-0.47482368632521
Covid_HB	110	111	-0.471134250193199
Covid_HB	111	112	-0.4578715934431686
Covid_HB	112	113	-0.4554074170439157
Covid_HB	113	114	-0.4500540721269898
Covid_HB	114	115	-0.4465761224578262
Covid_HB	115	116	-0.4413430343196803
Covid_HB	116	117	-0.4408760515881356
Covid_HB	117	118	-0.4306348679724765
Covid_HB	118	119	-0.4304330015679239
Covid_HB	119	120	-0.4197588586898695
Covid_HB	120	121	-0.4082377535589218
Covid_HB	121	122	-0.4075021656843121
Covid_HB	122	123	-0.4040757773964009
Covid_HB	123	124	-0.4035512215096845
Covid_HB	124	125	-0.4029944228186735
Covid_HB	125	126	-0.4009222005633479
Covid_HB	126	127	-0.4002173302134497
Covid_HB	127	128	-0.3996362035080763
Covid_HB	128	129	-0.3961936827100256
Covid_HB	129	130	-0.3961599243609131
Covid_HB	130	131	-0.383116795940529
Covid_HB	131	132	-0.3827525985482276
Covid_HB	132	133	-0.3762108409555995
Covid_HB	133	134	-0.3721052938204667
Covid_HB	134	135	-0.3708576653774872
Covid_HB	135	136	-0.3604679270740379
Covid_HB	136	137	-0.3603581671656208
Covid_HB	137	138	-0.3594721071010632
Covid_HB	138	139	-0.358996812456721
Covid_HB	139	140	-0.3540322234008536
Covid_HB	140	141	-0.3512021679402625
Covid_HB	141	142	-0.3498835205847619
Covid_HB	142	143	-0.3496635590526357
Covid_HB	143	144	-0.3490880097789365
Covid_HB	144	145	-0.3475526581205851
Covid_HB	145	146	-0.3407591488845708
Covid_HB	146	147	-0.3339962495792917
Covid_HB	147	148	-0.3297869769641698
Covid_HB	148	149	-0.319190824204811
Covid_HB	149	150	-0.3175212013050322
Covid_HB	150	151	-0.3170973938185689
Covid_HB	151	152	-0.314662754249038
Covid_HB	152	153	-0.3119410614136723
Covid_HB	153	154	-0.3093688030244096
Covid_HB	154	155	-0.3061026373364081
Covid_HB	155	156	-0.3051598172236939
Covid_HB	156	157	-0.3030546035684329
Covid_HB	157	158	-0.2967844641767575
Covid_HB	158	159	-0.2944322418756556
Covid_HB	159	160	-0.2874837746971246
Covid_HB	160	161	-0.2868899536735551
Covid_HB	161	162	-0.2860050360397055
Covid_HB	162	163	-0.2825063099096457
Covid_HB	163	164	-0.2750783404345034
Covid_HB	164	165	-0.2746111903011183
Covid_HB	165	166	-0.2723735691127675
Covid_HB	166	167	-0.2721857039876245
Covid_HB	167	168	-0.2705448557016933
Covid_HB	168	169	-0.2703343509342114
Covid_HB	169	170	-0.2698259066736654
Covid_HB	170	171	-0.2670808325175822
Covid_HB	171	172	-0.2646786355180114
Covid_HB	172	173	-0.2584114048549081
Covid_HB	173	174	-0.2583262992150592
Covid_HB	174	175	-0.2526276085545591
Covid_HB	175	176	-0.23478814374142
Covid_HB	176	177	-0.234601553900511
Covid_HB	177	178	-0.2343652619235356
Covid_HB	178	179	-0.2322642300878626
Covid_HB	179	180	-0.2270280797801797
Covid_HB	180	181	-0.2215358557265566
Covid_HB	181	182	-0.2194396811993866
Covid_HB	182	183	-0.2183329860766994
Covid_HB	183	184	-0.216946226388028
Covid_HB	184	185	-0.216915146654967
Covid_HB	185	186	-0.2139598135315114
Covid_HB	186	187	-0.2115998839735079
Covid_HB	187	188	-0.2107371071015627
Covid_HB	188	189	-0.2088088620996582
Covid_HB	189	190	-0.2083368575090487
Covid_HB	190	191	-0.2067265652176305
Covid_HB	191	192	-0.2059007261893219
Covid_HB	192	193	-0.2047564517418738
Covid_HB	193	194	-0.2046148736644019
Covid_HB	194	195	-0.2009268590171577
Covid_HB	195	196	-0.200222712244274
Covid_HB	196	197	-0.1995099969065849
Covid_HB	197	198	-0.1988042824603126
Covid_HB	198	199	-0.1946611551874827
Covid_HB	199	200	-0.1912246115812117
Covid_HB	200	201	-0.1910211185179942
Covid_HB	201	202	-0.1814414261168269
Covid_HB	202	203	-0.181236078529629
Covid_HB	203	204	-0.178391596061396
Covid_HB	204	205	-0.1783477797361715
Covid_HB	205	206	-0.17676739887933
Covid_HB	206	207	-0.1749459726384821
Covid_HB	207	208	-0.1728370808638098
Covid_HB	208	209	-0.1707090246979529
Covid_HB	209	210	-0.1690693889122194
Covid_HB	210	211	-0.1585117903781538
Covid_HB	211	212	-0.1582181039574447
Covid_HB	212	213	-0.1558689082868005
Covid_HB	213	214	-0.155631932061317
Covid_HB	214	215	-0.1410410167178057
Covid_HB	215	216	-0.1234084492798719
Covid_HB	216	217	-0.1225371385958016
Covid_HB	217	218	-0.1203536142536764
Covid_HB	218	219	0.0976564006675426
Covid_HB	219	220	0.1071541544890705
Covid_HB	220	221	0.1209549576590483
Covid_HB	221	222	0.1318363760351715
Covid_HB	222	223	0.1365309563445278
Covid_HB	223	224	0.1384938098989853
Covid_HB	224	225	0.1415264868547564
Covid_HB	225	226	0.1443096879340676
Covid_HB	226	227	0.1462917063813517
Covid_HB	227	228	0.1463287228313816
Covid_HB	228	229	0.1480979346148637
Covid_HB	229	230	0.1524045245462541
Covid_HB	230	231	0.1533899247642323
Covid_HB	231	232	0.1561790103095557
Covid_HB	232	233	0.1565150118855753
Covid_HB	233	234	0.1568720755509272
Covid_HB	234	235	0.1605909514371525
Covid_HB	235	236	0.1697339314430259
Covid_HB	236	237	0.1701115336336524
Covid_HB	237	238	0.1712532353254084
Covid_HB	238	239	0.1728377907854122
Covid_HB	239	240	0.1730877968514702
Covid_HB	240	241	0.1733425483056371
Covid_HB	241	242	0.1734890680255401
Covid_HB	242	243	0.1752464637612761
Covid_HB	243	244	0.1810451645684747
Covid_HB	244	245	0.1814692515044154
Covid_HB	245	246	0.1836979954570592
Covid_HB	246	247	0.1841171508152242
Covid_HB	247	248	0.1854765620856787
Covid_HB	248	249	0.1864718932679684
Covid_HB	249	250	0.1883584883713717
Covid_HB	250	251	0.1891848869463022
Covid_HB	251	252	0.1892046971666859
Covid_HB	252	253	0.1895950157452982
Covid_HB	253	254	0.1909945623606575
Covid_HB	254	255	0.1916086754447012
Covid_HB	255	256	0.1930725368353517
Covid_HB	256	257	0.1935288691574347
Covid_HB	257	258	0.1938403122877368
Covid_HB	258	259	0.194407408609069
Covid_HB	259	260	0.1944247739325022
Covid_HB	260	261	0.1954614168113956
Covid_HB	261	262	0.1965669988723234
Covid_HB	262	263	0.1975958771572341
Covid_HB	263	264	0.1980241149346601
Covid_HB	264	265	0.1986591023888851
Covid_HB	265	266	0.1999373159804147
Covid_HB	266	267	0.2024270227617146
Covid_HB	267	268	0.2030319449005792
Covid_HB	268	269	0.2057743641553411
Covid_HB	269	270	0.2061946372882077
Covid_HB	270	271	0.207361804538022
Covid_HB	271	272	0.2095497449250931
Covid_HB	272	273	0.2097267164389492
Covid_HB	273	274	0.210826233883787
Covid_HB	274	275	0.2130507207761338
Covid_HB	275	276	0.2136903950883044
Covid_HB	276	277	0.2153137108117255
Covid_HB	277	278	0.215394144319904
Covid_HB	278	279	0.2156208941321537
Covid_HB	279	280	0.21682564714263
Covid_HB	280	281	0.217588325356943
Covid_HB	281	282	0.2181278238059278
Covid_HB	282	283	0.2181760273588387
Covid_HB	283	284	0.2198987502424123
Covid_HB	284	285	0.2199778229619705
Covid_HB	285	286	0.2213185024383803
Covid_HB	286	287	0.2216048356074145
Covid_HB	287	288	0.2229870921127626
Covid_HB	288	289	0.2239238589716741
Covid_HB	289	290	0.2240569380616023
Covid_HB	290	291	0.2254089112131533
Covid_HB	291	292	0.22694684231373
Covid_HB	292	293	0.2269850542283423
Covid_HB	293	294	0.2271629650464314
Covid_HB	294	295	0.2275037606583546
Covid_HB	295	296	0.2282649981087292
Covid_HB	296	297	0.2325543483358363
Covid_HB	297	298	0.2331889525534964
Covid_HB	298	299	0.235625439420628
Covid_HB	299	300	0.2376094646284905
Covid_HB	300	301	0.238003519571
Covid_HB	301	302	0.2382969693090304
Covid_HB	302	303	0.2387025708536343
Covid_HB	303	304	0.2388784059271251
Covid_HB	304	305	0.2409022339067791
Covid_HB	305	306	0.2422921769511619
Covid_HB	306	307	0.2433056221195593
Covid_HB	307	308	0.2443251155112905
Covid_HB	308	309	0.2444921126747401
Covid_HB	309	310	0.244900430113831
Covid_HB	310	311	0.2453638208530827
Covid_HB	311	312	0.2461846058274422
Covid_HB	312	313	0.2483303429691092
Covid_HB	313	314	0.2487668750506825
Covid_HB	314	315	0.2488104064181644
Covid_HB	315	316	0.248880626588929
Covid_HB	316	317	0.2490159324036877
Covid_HB	317	318	0.2493009840644241
Covid_HB	318	319	0.250429456653335
Covid_HB	319	320	0.2513254339890017
Covid_HB	320	321	0.2520336571378677
Covid_HB	321	322	0.2522383058268855
Covid_HB	322	323	0.2539208914665652
Covid_HB	323	324	0.2554685969186593
Covid_HB	324	325	0.2557383050870019
Covid_HB	325	326	0.255940197537423
Covid_HB	326	327	0.2561889990035715
Covid_HB	327	328	0.2565408114917752
Covid_HB	328	329	0.2586970179787633
Covid_HB	329	330	0.2595552426312842
Covid_HB	330	331	0.2600451989472672
Covid_HB	331	332	0.2601853851080122
Covid_HB	332	333	0.2607086236513948
Covid_HB	333	334	0.2613375389759538
Covid_HB	334	335	0.261432463494289
Covid_HB	335	336	0.2617126214659281
Covid_HB	336	337	0.2639615862305838
Covid_HB	337	338	0.2642036451401096
Covid_HB	338	339	0.2645555640262141
Covid_HB	339	340	0.2647183011842105
Covid_HB	340	341	0.2653503075294922
Covid_HB	341	342	0.2687767856027817
Covid_HB	342	343	0.269487915731074
Covid_HB	343	344	0.2707879424881562
Covid_HB	344	345	0.2719033050893749
Covid_HB	345	346	0.2743512781389724
Covid_HB	346	347	0.2745319400930865
Covid_HB	347	348	0.2755745620103775
Covid_HB	348	349	0.2760807662882661
Covid_HB	349	350	0.2789408271347019
Covid_HB	350	351	0.2796636218155615
Covid_HB	351	352	0.2805641878743906
Covid_HB	352	353	0.2809352090595874
Covid_HB	353	354	0.2825579644238826
Covid_HB	354	355	0.2849286569047586
Covid_HB	355	356	0.2881158877199936
Covid_HB	356	357	0.2881903499577689
Covid_HB	357	358	0.2896905363952542
Covid_HB	358	359	0.2903008972032077
Covid_HB	359	360	0.2912220052215508
Covid_HB	360	361	0.291638049557609
Covid_HB	361	362	0.2918681109858385
Covid_HB	362	363	0.2929090702064926
Covid_HB	363	364	0.2932898309591597
Covid_HB	364	365	0.294684237346151
Covid_HB	365	366	0.29470149537745
Covid_HB	366	367	0.294800316249229
Covid_HB	367	368	0.2960565009196438
Covid_HB	368	369	0.296587565144159
Covid_HB	369	370	0.2996114129947034
Covid_HB	370	371	0.3001825259474185
Covid_HB	371	372	0.3054385204414582
Covid_HB	372	373	0.3055374477902728
Covid_HB	373	374	0.3056006892444733
Covid_HB	374	375	0.3059383561639679
Covid_HB	375	376	0.3076880855192851
Covid_HB	376	377	0.3079554980297673
Covid_HB	377	378	0.3087329241131674
Covid_HB	378	379	0.3088512689597923
Covid_HB	379	380	0.3099435244177813
Covid_HB	380	381	0.3099866208543207
Covid_HB	381	382	0.3132280898648706
Covid_HB	382	383	0.3147107460813768
Covid_HB	383	384	0.3151279515127649
Covid_HB	384	385	0.3164035737114926
Covid_HB	385	386	0.3170945382131604
Covid_HB	386	387	0.3178479613713947
Covid_HB	387	388	0.317856073590928
Covid_HB	388	389	0.318864234075029
Covid_HB	389	390	0.3192408943372596
Covid_HB	390	391	0.321062111015523
Covid_HB	391	392	0.3218344238069288
Covid_HB	392	393	0.3221819279203088
Covid_HB	393	394	0.3222699412644259
Covid_HB	394	395	0.322635976152456
Covid_HB	395	396	0.3227909188271762
Covid_HB	396	397	0.3244226405252263
Covid_HB	397	398	0.3270191336175899
Covid_HB	398	399	0.3292234724933253
Covid_HB	399	400	0.3323653208344369
Covid_HB	400	401	0.3325362813360557
Covid_HB	401	402	0.3331337811803425
Covid_HB	402	403	0.3336200096209236
Covid_HB	403	404	0.3337299550872242
Covid_HB	404	405	0.3337549508597655
Covid_HB	405	406	0.3343658927812256
Covid_HB	406	407	0.3346550231486563
Covid_HB	407	408	0.3358159791251734
Covid_HB	408	409	0.3366750618906294
Covid_HB	409	410	0.3370938808820984
Covid_HB	410	411	0.3374393871294286
Covid_HB	411	412	0.3381423947194832
Covid_HB	412	413	0.3385038184575136
Covid_HB	413	414	0.3390067911777974
Covid_HB	414	415	0.3391278702169279
Covid_HB	415	416	0.3397148844589118
Covid_HB	416	417	0.3399167428284459
Covid_HB	417	418	0.3402590400396992
Covid_HB	418	419	0.3407862273948999
Covid_HB	419	420	0.3441673906613042
Covid_HB	420	421	0.3446504384904854
Covid_HB	421	422	0.346191627480424
Covid_HB	422	423	0.3471648858718175
Covid_HB	423	424	0.3473422280717104
Covid_HB	424	425	0.3475882879056673
Covid_HB	425	426	0.3482078769236755
Covid_HB	426	427	0.3488047397493637
Covid_HB	427	428	0.3494305711356794
Covid_HB	428	429	0.3509900134493044
Covid_HB	429	430	0.3530141478838273
Covid_HB	430	431	0.3539330356517426
Covid_HB	431	432	0.3539471002935508
Covid_HB	432	433	0.3547181401167371
Covid_HB	433	434	0.3547382839502671
Covid_HB	434	435	0.357888544858581
Covid_HB	435	436	0.3582498355270974
Covid_HB	436	437	0.3593564212550911
Covid_HB	437	438	0.3594711138961815
Covid_HB	438	439	0.3597840145961158
Covid_HB	439	440	0.3617639979072408
Covid_HB	440	441	0.3619312565073423
Covid_HB	441	442	0.3620117293201487
Covid_HB	442	443	0.3635640279307863
Covid_HB	443	444	0.3639242509687515
Covid_HB	444	445	0.3639300347230422
Covid_HB	445	446	0.3644880916382375
Covid_HB	446	447	0.3689291236393858
Covid_HB	447	448	0.3702734251508027
Covid_HB	448	449	0.3717934333588954
Covid_HB	449	450	0.3718850298544763
Covid_HB	450	451	0.3726409325173445
Covid_HB	451	452	0.3727301360376929
Covid_HB	452	453	0.3735588918172692
Covid_HB	453	454	0.3762182837941501
Covid_HB	454	455	0.376986392107217
Covid_HB	455	456	0.3779970966750708
Covid_HB	456	457	0.3789013385762744
Covid_HB	457	458	0.3831737519955139
Covid_HB	458	459	0.383621768635465
Covid_HB	459	460	0.3840647758048488
Covid_HB	460	461	0.3853531516273769
Covid_HB	461	462	0.3863557595977147
Covid_HB	462	463	0.3864047078396871
Covid_HB	463	464	0.3867731473549989
Covid_HB	464	465	0.387515993139999
Covid_HB	465	466	0.3884699751629262
Covid_HB	466	467	0.3911403883278556
Covid_HB	467	468	0.3912152202897932
Covid_HB	468	469	0.3950470922057483
Covid_HB	469	470	0.3957587901495996
Covid_HB	470	471	0.396238425400656
Covid_HB	471	472	0.397590611737759
Covid_HB	472	473	0.3984976992787258
Covid_HB	473	474	0.399395213423124
Covid_HB	474	475	0.3997441630299612
Covid_HB	475	476	0.3998892856341359
Covid_HB	476	477	0.4009818012127818
Covid_HB	477	478	0.4022235127454207
Covid_HB	478	479	0.4031854772164125
Covid_HB	479	480	0.4047672977968282
Covid_HB	480	481	0.4051428023952343
Covid_HB	481	482	0.4051755315125627
Covid_HB	482	483	0.4082137389908141
Covid_HB	483	484	0.4086557142211798
Covid_HB	484	485	0.409066789983766
Covid_HB	485	486	0.4102639273381425
Covid_HB	486	487	0.4112004361500959
Covid_HB	487	488	0.4121746901401475
Covid_HB	488	489	0.4133144690195202
Covid_HB	489	490	0.4169519602042531
Covid_HB	490	491	0.4190827314950546
Covid_HB	491	492	0.4208295697222264
Covid_HB	492	493	0.4211994440585657
Covid_HB	493	494	0.421805505119122
Covid_HB	494	495	0.4218601515367058
Covid_HB	495	496	0.4245764711841547
Covid_HB	496	497	0.4273562306612747
Covid_HB	497	498	0.4279118284030332
Covid_HB	498	499	0.4296487158775527
Covid_HB	499	500	0.4300803014106993
Covid_HB	500	501	0.4303955457190166
Covid_HB	501	502	0.4304602125888378
Covid_HB	502	503	0.435073351475469
Covid_HB	503	504	0.4396786180467959
Covid_HB	504	505	0.4412357928976589
Covid_HB	505	506	0.4414702745792259
Covid_HB	506	507	0.4416163671678226
Covid_HB	507	508	0.4428995554631027
Covid_HB	508	509	0.442903210432353
Covid_HB	509	510	0.443633470804693
Covid_HB	510	511	0.445196589922763
Covid_HB	511	512	0.4452399106127926
Covid_HB	512	513	0.4465614938667562
Covid_HB	513	514	0.447597328672797
Covid_HB	514	515	0.4481233644330539
Covid_HB	515	516	0.449248115934798
Covid_HB	516	517	0.4493460190035325
Covid_HB	517	518	0.449635635294982
Covid_HB	518	519	0.4497078577963035
Covid_HB	519	520	0.4499868563859991
Covid_HB	520	521	0.4503962187779859
Covid_HB	521	522	0.4505970746917916
Covid_HB	522	523	0.4519232219824801
Covid_HB	523	524	0.4528436948978727
Covid_HB	524	525	0.4537235512080811
Covid_HB	525	526	0.4542294117988357
Covid_HB	526	527	0.4545140600804239
Covid_HB	527	528	0.4547536303458313
Covid_HB	528	529	0.4597674196743317
Covid_HB	529	530	0.4597778123700685
Covid_HB	530	531	0.460140766544672
Covid_HB	531	532	0.4629711574683779
Covid_HB	532	533	0.466415918477609
Covid_HB	533	534	0.4687328252191407
Covid_HB	534	535	0.4693793107783621
Covid_HB	535	536	0.4726475635791901
Covid_HB	536	537	0.4733532612484061
Covid_HB	537	538	0.4733739347001602
Covid_HB	538	539	0.4742057944256084
Covid_HB	539	540	0.4778531543654841
Covid_HB	540	541	0.4783175165537153
Covid_HB	541	542	0.4795715871393022
Covid_HB	542	543	0.4830588541458592
Covid_HB	543	544	0.4870152500902021
Covid_HB	544	545	0.4879092415518526
Covid_HB	545	546	0.488172715691521
Covid_HB	546	547	0.4882965877321419
Covid_HB	547	548	0.488441751474382
Covid_HB	548	549	0.4885039430387106
Covid_HB	549	550	0.490000109380467
Covid_HB	550	551	0.4946467728099468
Covid_HB	551	552	0.4959923757473368
Covid_HB	552	553	0.4969031389035057
Covid_HB	553	554	0.497204492826412
Covid_HB	554	555	0.4987835787032444
Covid_HB	555	556	0.4994062988042346
Covid_HB	556	557	0.5006562326247784
Covid_HB	557	558	0.5026902142764645
Covid_HB	558	559	0.5031721708009986
Covid_HB	559	560	0.5034865213693683
Covid_HB	560	561	0.5046335480317309
Covid_HB	561	562	0.505622085143713
Covid_HB	562	563	0.5082750742133392
Covid_HB	563	564	0.5107652489623226
Covid_HB	564	565	0.5118359586368455
Covid_HB	565	566	0.5141176161644856
Covid_HB	566	567	0.5142998785133057
Covid_HB	567	568	0.5180443636770423
Covid_HB	568	569	0.5181336818499853
Covid_HB	569	570	0.5186890669155088
Covid_HB	570	571	0.5215085275039805
Covid_HB	571	572	0.5218860438774071
Covid_HB	572	573	0.5231537035202714
Covid_HB	573	574	0.5232604022537439
Covid_HB	574	575	0.524342715672019
Covid_HB	575	576	0.5243666886595325
Covid_HB	576	577	0.5244059325846795
Covid_HB	577	578	0.5287091749236027
Covid_HB	578	579	0.5298593159001052
Covid_HB	579	580	0.5316833974392097
Covid_HB	580	581	0.5324834014279489
Covid_HB	581	582	0.5374426737717688
Covid_HB	582	583	0.5379156184470125
Covid_HB	583	584	0.537991628101201
Covid_HB	584	585	0.5428883874459838
Covid_HB	585	586	0.5441030017611858
Covid_HB	586	587	0.5495082446532134
Covid_HB	587	588	0.5561494445845557
Covid_HB	588	589	0.5571977590672494
Covid_HB	589	590	0.5593331507749176
Covid_HB	590	591	0.5602694475421357
Covid_HB	591	592	0.5602850955905376
Covid_HB	592	593	0.5633873923806789
Covid_HB	593	594	0.5641679812983794
Covid_HB	594	595	0.5655017363888615
Covid_HB	595	596	0.5680087243187887
Covid_HB	596	597	0.5741869528709588
Covid_HB	597	598	0.5757082234257704
Covid_HB	598	599	0.5759038568021889
Covid_HB	599	600	0.5804668821378073
Covid_HB	600	601	0.581830607061124
Covid_HB	601	602	0.5866476269069875
Covid_HB	602	603	0.5939559474748378
Covid_HB	603	604	0.5941071077262319
Covid_HB	604	605	0.5957801219004268
Covid_HB	605	606	0.5960234105154938
Covid_HB	606	607	0.5966117200285428
Covid_HB	607	608	0.6087649401984061
Covid_HB	608	609	0.6110001219073998
Covid_HB	609	610	0.6114255347599511
Covid_HB	610	611	0.6120071689399587
Covid_HB	611	612	0.6167315843802993
Covid_HB	612	613	0.6186168543922986
Covid_HB	613	614	0.6190739106990382
Covid_HB	614	615	0.6237259784652153
Covid_HB	615	616	0.6284280616772214
Covid_HB	616	617	0.6354700170829898
Covid_HB	617	618	0.6401160523040944
Covid_HB	618	619	0.6406412469680185
Covid_HB	619	620	0.6440394873096396
Covid_HB	620	621	0.6521412109875446
Covid_HB	621	622	0.6523456192728389
Covid_HB	622	623	0.652516940347822
Covid_HB	623	624	0.6603286123408606
Covid_HB	624	625	0.6631539935667059
Covid_HB	625	626	0.6651781997787863
Covid_HB	626	627	0.672351124925433
Covid_HB	627	628	0.6743053765798307
Covid_HB	628	629	0.6797195612424697
Covid_HB	629	630	0.685358940803794
Covid_HB	630	631	0.6879474303051315
Covid_HB	631	632	0.6911331163135981
Covid_HB	632	633	0.6933789101546365
Covid_HB	633	634	0.6965894280606002
Covid_HB	634	635	0.6966952060932429
Covid_HB	635	636	0.7019118682394244
Covid_HB	636	637	0.7029007543833823
Covid_HB	637	638	0.7078784518755253
Covid_HB	638	639	0.7133427068690377
Covid_HB	639	640	0.7205033580142186
Covid_HB	640	641	0.7211489808063978
Covid_HB	641	642	0.7234264979832078
Covid_HB	642	643	0.7239597548587328
Covid_HB	643	644	0.7250246924508998
Covid_HB	644	645	0.7291001213325777
Covid_HB	645	646	0.7328334611415059
Covid_HB	646	647	0.7337148765391714
Covid_HB	647	648	0.746847777979271
Covid_HB	648	649	0.7491809181455834
Covid_HB	649	650	0.7492999176375224
Covid_HB	650	651	0.7498301233631
Covid_HB	651	652	0.7640021268800772
Covid_HB	652	653	0.7658015713488274
Covid_HB	653	654	0.7781971808977538
Covid_HB	654	655	0.7807584365273292
Covid_HB	655	656	0.7810371314651052
Covid_HB	656	657	0.7839154718647365
Covid_HB	657	658	0.7879464576143879
Covid_HB	658	659	0.7899049801028446
Covid_HB	659	660	0.7941272997622739
Covid_HB	660	661	0.794799697722922
Covid_HB	661	662	0.8092678125599211
Covid_HB	662	663	0.8099619887520803
Covid_HB	663	664	0.8133899865977468
Covid_HB	664	665	0.8163827379202065
Covid_HB	665	666	0.8199995603619513
Covid_HB	666	667	0.8252586174971345
Covid_HB	667	668	0.8306328848691232
Covid_HB	668	669	0.832263370534978
Covid_HB	669	670	0.8351694924436485
Covid_HB	670	671	0.8356038080443765
Covid_HB	671	672	0.8406162878201975
Covid_HB	672	673	0.8419026815585552
Covid_HB	673	674	0.8440643284363488
Covid_HB	674	675	0.8504987437680854
Covid_HB	675	676	0.8512254944147689
Covid_HB	676	677	0.8545515314612823
Covid_HB	677	678	0.859808575076997
Covid_HB	678	679	0.867935493289291
Covid_HB	679	680	0.868609930120785
Covid_HB	680	681	0.8834506329695694
Covid_HB	681	682	0.8885977229690888
Covid_HB	682	683	0.8950266741705288
Covid_HB	683	684	0.8996653730230741
Covid_HB	684	685	0.9071229463652716
Covid_HB	685	686	0.9105878664632372
Covid_HB	686	687	0.9111112202522113
Covid_HB	687	688	0.9160730716556096
Covid_HB	688	689	0.9193214677618676
Covid_HB	689	690	0.9206550767460914
Covid_HB	690	691	0.9506940425430496
Covid_HB	691	692	0.9999476501605224
Covid_HB	692	693	1.0010932305306428
Covid_HB	693	694	1.0113461414202414
Covid_HB	694	695	1.0398084252960051
Covid_HB	695	696	1.041570652074027
Covid_HB	696	697	1.0580948835980617
Covid_HB	697	698	1.0686759968092112
Covid_HB	698	699	1.0698545885622843
Covid_HB	699	700	1.0842176332291549
Covid_HB	700	701	1.0981197428317853
Covid_HB	701	702	1.103349745529048
Covid_HB	702	703	1.1187446082456631
Covid_HB	703	704	1.1326784565289187
Covid_HB	704	705	1.1565778957582802
Covid_HB	705	706	1.1916738327925829
Covid_HB	706	707	1.1918278685286534
Covid_HB	707	708	1.2066731047897057
Covid_HB	708	709	1.2465291607071456
Covid_HB	709	710	1.3697383440238202
Covid_HB	710	711	1.439441010485673
Covid_HB	711	712	1.4431109467992262
Covid_HB	712	713	1.4644474257777749
Covid_HB	713	714	1.50985050947604
Covid_HB	714	715	1.5352827882234663
Covid_HB	715	716	1.5386089250581008
Covid_HB	716	717	1.6931168952872666
Covid_HB	717	718	1.9350065901228304
Covid_HB	718	719	2.224282083977489
Covid_HB	719	720	2.2549854591440006
Covid_HB	720	721	2.6465669412542376
NEURONS	0	1	-1.004497175816791
NEURONS	1	2	-0.6447408118128507
NEURONS	2	3	-0.6248187638658211
NEURONS	3	4	-0.6060613030373959
NEURONS	4	5	-0.5210931669933138
NEURONS	5	6	-0.2705995471434693
NEURONS	6	7	0.6655874321229157
NEURONS	7	8	0.8291371498901687
NEURONS	8	9	1.1970217935191894
NEURONS	9	10	-2.8759567020217176
NEURONS	10	11	-1.1875059010583768
NEURONS	11	12	-1.0190345976529942
NEURONS	12	13	-0.932660611669114
NEURONS	13	14	-0.8617693452361066
NEURONS	14	15	-0.831788030134378
NEURONS	15	16	-0.5028619906638493
NEURONS	16	17	-0.4501709231583966
NEURONS	17	18	-0.4467694067899989
NEURONS	18	19	-0.2625485596789681
NEURONS	19	20	0.497575099203463
NEURONS	20	21	0.787532815771792
NEURONS	21	22	0.8147975426987546
NEURONS	22	23	0.9456746384028492
NEURONS	23	24	1.061283703112938
NEURONS	24	25	1.2679888763562408
SH_DIF	0	1	-4.471307202953794
SH_DIF	1	2	0.2103539736505516
SH_DIF	2	3	0.2542502290815525
SH_DIF	3	4	0.2720742553305514
SH_DIF	4	5	0.2986786606942377
SH_DIF	5	6	0.3223055755744439
SH_DIF	6	7	0.3232405090107945
SH_DIF	7	8	0.3253047434308529
SH_DIF	8	9	0.3451367799810419
SH_DIF	9	10	0.346469783306943
SH_DIF	10	11	0.3495446431005444
SH_DIF	11	12	0.3544011865749772
SH_DIF	12	13	0.3590978453031226
SH_DIF	13	14	0.3613078441535187
SH_DIF	14	15	0.3776678770044836
SH_DIF	15	16	0.3819894186193045
SH_DIF	16	17	0.3860894264961759
SH_DIF	17	18	0.4048843466987215
SH_DIF	18	19	0.4070685924348033
SH_DIF	19	20	0.4079167924241618
SH_DIF	20	21	0.4199491956317945
SH_DIF	21	22	0.4213961644091599
SH_DIF	22	23	0.4266586394971244
SH_DIF	23	24	0.451375577961224
SH_DIF	24	25	0.4546089204957082
SH_DIF	25	26	0.4564887699380389
SH_DIF	26	27	0.4677443233567538
SH_DIF	27	28	0.4816078849249804
SH_DIF	28	29	0.4908569707133263
SH_DIF	29	30	0.5065401317151064
SH_DIF	30	31	0.5425379660171756
SH_DIF	31	32	0.5713967016054576
SH_DIF	32	33	0.583637110246084
SH_DIF	33	34	0.6027615997966743
SH_DIF	34	35	0.6161974672368571
SH_DIF	35	36	0.6227819822890528
SH_DIF	36	37	0.6451799545469825
SH_DIF	37	38	0.6630081982913962
SH_DIF	38	39	0.6885038774610136
SH_DIF	39	40	0.6924361406447753
SH_DIF	40	41	0.7452185308649374
SH_DIF	41	42	0.7752646559471977
SH_DIF	42	43	0.9215955444311764
SH_DIF	43	44	-8.018685277093327
SH_DIF	44	45	-6.345996282002997
SH_DIF	45	46	-4.957074634241762
SH_DIF	46	47	-3.7749806656623366
SH_DIF	47	48	-3.2129072928999136
SH_DIF	48	49	-3.191186530327817
SH_DIF	49	50	-3.161325895209346
SH_DIF	50	51	-2.733039192689921
SH_DIF	51	52	-2.4168251100033835
SH_DIF	52	53	-2.1510079349532023
SH_DIF	53	54	-1.0661266957388214
SH_DIF	54	55	-0.9844137966182448
SH_DIF	55	56	-0.8215285249163625
SH_DIF	56	57	-0.4640715804248686
SH_DIF	57	58	0.2325113561350308
SH_DIF	58	59	0.2375392761741122
SH_DIF	59	60	0.2543866579682333
SH_DIF	60	61	0.269262164645236
SH_DIF	61	62	0.2709143396508627
SH_DIF	62	63	0.2767104589245302
SH_DIF	63	64	0.2839330610032983
SH_DIF	64	65	0.3149875959789465
SH_DIF	65	66	0.3172772282035905
SH_DIF	66	67	0.3216777145649557
SH_DIF	67	68	0.3221244702078547
SH_DIF	68	69	0.3267869722281529
SH_DIF	69	70	0.331073451130192
SH_DIF	70	71	0.3314147249705875
SH_DIF	71	72	0.3321696845410706
SH_DIF	72	73	0.3413220259933489
SH_DIF	73	74	0.3430008929151978
SH_DIF	74	75	0.345649170291102
SH_DIF	75	76	0.3500677562641304
SH_DIF	76	77	0.3579515841975521
SH_DIF	77	78	0.362494439569757
SH_DIF	78	79	0.3645656320109038
SH_DIF	79	80	0.3699421882916101
SH_DIF	80	81	0.3726307348402944
SH_DIF	81	82	0.374528960141969
SH_DIF	82	83	0.3785712930480804
SH_DIF	83	84	0.385137972031546
SH_DIF	84	85	0.3853547900649806
SH_DIF	85	86	0.3866295713617407
SH_DIF	86	87	0.3876530892362648
SH_DIF	87	88	0.3915999004524854
SH_DIF	88	89	0.3967036538493523
SH_DIF	89	90	0.4000208848096491
SH_DIF	90	91	0.4017645998644758
SH_DIF	91	92	0.4021850383849904
SH_DIF	92	93	0.4099624308638426
SH_DIF	93	94	0.4136400385935858
SH_DIF	94	95	0.4203539762505621
SH_DIF	95	96	0.425916494623049
SH_DIF	96	97	0.4263103536901616
SH_DIF	97	98	0.4288009646042967
SH_DIF	98	99	0.43584154671002
SH_DIF	99	100	0.4395839947906543
SH_DIF	100	101	0.4415588269547627
SH_DIF	101	102	0.4550350587927457
SH_DIF	102	103	0.458934200046416
SH_DIF	103	104	0.4674609813296533
SH_DIF	104	105	0.4698825991858961
SH_DIF	105	106	0.4815563098201931
SH_DIF	106	107	0.4868942802337117
SH_DIF	107	108	0.4900935155642066
SH_DIF	108	109	0.4953175189568434
SH_DIF	109	110	0.4956977328477204
SH_DIF	110	111	0.4983951139194205
SH_DIF	111	112	0.5017608467099068
SH_DIF	112	113	0.5080674884318661
SH_DIF	113	114	0.5112335219740156
SH_DIF	114	115	0.5380057214049491
SH_DIF	115	116	0.5583843968876122
SH_DIF	116	117	0.5668784092418232
SH_DIF	117	118	0.5678571791186923
SH_DIF	118	119	0.5974518943121198
SH_DIF	119	120	0.6006694397671382
SH_DIF	120	121	0.620352590720964
SH_DIF	121	122	0.6353079549884456
SH_DIF	122	123	0.640943822404826
SH_DIF	123	124	0.6458849621232693
SH_DIF	124	125	0.7051425765226039
SH_DIF	125	126	0.7112950527393039
SH_DIF	126	127	0.7580780479558696
SH_DIF	127	128	0.7930505169132893
SH_DIF	128	129	0.8042615467197558
SH_DIF	129	130	0.9645059754471228
SH_DIF	130	131	1.0807693710834243
